-10.0 10.029955134495866
-9.166666666666666 9.199335724810664
-8.333333333333334 8.369255907453448
-7.5 7.5398938984577235
-6.666666666666666 6.711515808254082
-5.833333333333333 5.884537176174331
-5.0 5.059644256269407
-4.166666666666666 4.2380551094943435
-3.333333333333333 3.4221500713894923
-2.5 2.6172504656604803
-1.666666666666666 1.8378731669453625
-0.8333333333333321 1.1377365443917333
0.0 0.7745966692414834
0.8333333333333339 1.1377365443917347
1.6666666666666679 1.837873166945364
2.5 2.6172504656604803
3.333333333333334 3.4221500713894932
4.166666666666668 4.238055109494344
5.0 5.059644256269407
5.833333333333334 5.884537176174333
6.666666666666668 6.711515808254083
7.5 7.5398938984577235
8.333333333333336 8.36925590745345
9.166666666666668 9.199335724810666
10.0 10.029955134495866
-10.0 -25.029955134495864
-9.166666666666666 -24.199335724810666
-8.333333333333334 -23.36925590745345
-7.5 -22.539893898457724
-6.666666666666666 -21.71151580825408
-5.833333333333333 -20.88453717617433
-5.0 -20.059644256269408
-4.166666666666666 -19.238055109494343
-3.333333333333333 -18.422150071389492
-2.5 -17.61725046566048
-1.666666666666666 -16.837873166945364
-0.8333333333333321 -16.137736544391732
0.0 -15.774596669241483
0.8333333333333339 -16.137736544391736
1.6666666666666679 -16.837873166945364
2.5 -17.61725046566048
3.333333333333334 -18.422150071389492
4.166666666666668 -19.238055109494343
5.0 -20.059644256269408
5.833333333333334 -20.884537176174334
6.666666666666668 -21.711515808254084
7.5 -22.539893898457724
8.333333333333336 -23.36925590745345
9.166666666666668 -24.199335724810666
10.0 -25.029955134495864
35.029955134495864 -10.0
34.199335724810666 -9.166666666666666
33.36925590745345 -8.333333333333334
32.53989389845772 -7.5
31.71151580825408 -6.666666666666666
30.88453717617433 -5.833333333333333
30.059644256269408 -5.0
29.238055109494343 -4.166666666666666
28.422150071389492 -3.333333333333333
27.61725046566048 -2.5
26.837873166945364 -1.666666666666666
26.137736544391732 -0.8333333333333321
25.774596669241483 0.0
26.137736544391736 0.8333333333333339
26.837873166945364 1.6666666666666679
27.61725046566048 2.5
28.422150071389492 3.333333333333334
29.238055109494343 4.166666666666668
30.059644256269408 5.0
30.884537176174334 5.833333333333334
31.711515808254084 6.666666666666668
32.53989389845772 7.5
33.36925590745345 8.333333333333336
34.199335724810666 9.166666666666668
35.029955134495864 10.0
-35.029955134495864 -10.0
-34.199335724810666 -9.166666666666666
-33.36925590745345 -8.333333333333334
-32.53989389845772 -7.5
-31.71151580825408 -6.666666666666666
-30.88453717617433 -5.833333333333333
-30.059644256269408 -5.0
-29.238055109494343 -4.166666666666666
-28.422150071389492 -3.333333333333333
-27.61725046566048 -2.5
-26.837873166945364 -1.666666666666666
-26.137736544391732 -0.8333333333333321
-25.774596669241483 0.0
-26.137736544391736 0.8333333333333339
-26.837873166945364 1.6666666666666679
-27.61725046566048 2.5
-28.422150071389492 3.333333333333334
-29.238055109494343 4.166666666666668
-30.059644256269408 5.0
-30.884537176174334 5.833333333333334
-31.711515808254084 6.666666666666668
-32.53989389845772 7.5
-33.36925590745345 8.333333333333336
-34.199335724810666 9.166666666666668
-35.029955134495864 10.0