-10. 10.02995513
-9.16666667 9.19933572
-8.33333333 8.36925591
-7.5 7.5398939
-6.66666667 6.71151581
-5.83333333 5.88453718
-5. 5.05964426
-4.16666667 4.23805511
-3.33333333 3.42215007
-2.5 2.61725047
-1.66666667 1.83787317
-0.83333333 1.13773654
0. 0.77459667
0.83333333 1.13773654
1.66666667 1.83787317
2.5 2.61725047
3.33333333 3.42215007
4.16666667 4.23805511
5. 5.05964426
5.83333333 5.88453718
6.66666667 6.71151581
7.5 7.5398939
8.33333333 8.36925591
9.16666667 9.19933572
10. 10.02995513
-10. -18.02995513
 -9.16666667 -17.19933572
 -8.33333333 -16.36925591
 -7.5 -15.5398939
 -6.66666667 -14.71151581
 -5.83333333 -13.88453718
 -5. -13.05964426
 -4.16666667 -12.23805511
 -3.33333333 -11.42215007
 -2.5 -10.61725047
-1.66666667 -9.83787317
-0.83333333 -9.13773654
 0. -8.77459667
 0.83333333 -9.13773654
 1.66666667 -9.83787317
 2.5 -10.61725047
 3.33333333 -11.42215007
 4.16666667 -12.23805511
 5. -13.05964426
 5.83333333 -13.88453718
 6.66666667 -14.71151581
 7.5 -15.5398939
 8.33333333 -16.36925591
 9.16666667 -17.19933572
 10. -18.02995513
 16.02995513 -10. 
15.19933572 -9.16666667
14.36925591 -8.33333333
13.5398939 -7.5 
12.71151581 -6.66666667
11.88453718 -5.83333333
11.05964426 -5. 
10.23805511 -4.16666667
 9.42215007 -3.33333333
 8.61725047 -2.5 
 7.83787317 -1.66666667
 7.13773654 -0.83333333
6.77459667 0. 
7.13773654 0.83333333
7.83787317 1.66666667
8.61725047 2.5 
9.42215007 3.33333333
10.23805511 4.16666667
11.05964426 5. 
11.88453718 5.83333333
12.71151581 6.66666667
13.5398939 7.5 
14.36925591 8.33333333
15.19933572 9.16666667
16.02995513 10. 
-16.02995513 -10. 
-15.19933572 -9.16666667
-14.36925591 -8.33333333
-13.5398939 -7.5 
-12.71151581 -6.66666667
-11.88453718 -5.83333333
-11.05964426 -5. 
-10.23805511 -4.16666667
-9.42215007 -3.33333333
-8.61725047 -2.5 
-7.83787317 -1.66666667
-7.13773654 -0.83333333
-6.77459667 0. 
-7.13773654 0.83333333
-7.83787317 1.66666667
-8.61725047 2.5 
-9.42215007 3.33333333
-10.23805511 4.16666667
-11.05964426 5. 
-11.88453718 5.83333333
-12.71151581 6.66666667
-13.5398939 7.5 
-14.36925591 8.33333333
-15.19933572 9.16666667
-16.02995513 10. 
