54 20
 98 60
 16 68
 79 9
 41 44
 18 75
 78 4
 84 74
 95 0
 67 99
 64 35
 8 97
 38 57
 61 39
 55 29
 59 82
 86 10
 52 58
 22 46
 96 56
 31 28
 81 50
 100 37
 23 93
 36 1
 3 88
 30 62
 90 11
 42 33
 32 25
 85 49
 5 65
 63 24
 51 17
 89 73
 34 27
 53 40
 83 70
 94 48
 72 7
 45 66
 14 43
 19 47
 12 2
 77 69
 21 80
 71 13
 47 79
 69 87
 59 98
 84 63
 2 1
 9 94
 43 60
 10 66
 48 15
 49 96
 61 13
 4 86
 90 18
 70 74
 36 52
 82 53
 14 83
 6 92
 57 42
 78 23
 20 50
 8 28
 88 95
 58 62
 34 31
 46 27
 12 29
 77 64
 40 54
 5 24
 30 0
 39 7
 38 99
 25 17
 93 68
 33 45
 100 91
 11 16
 3 19
 32 81
 37 76
 55 56
 41 22
 73 97
 67 72
 65 44
 26 56
 47 37
 22 73
 9 57
 85 38
 19 46
 7 24
 24 3
 63 79
 36 32
 43 35
 38 41
 32 40
 12 51
 57 15
 31 39
 72 78
 76 94
 51 86
 51 36
 23 70
 82 31
 94 6
 34 57
 85 71
 89 28
 5 27
 69 38
 68 82
 90 24
 97 20
 63 69
 99 39
 62 49
 24 13
 85 48
 83 67
 79 77
 73 13
 34 58
 84 23
 86 90
 50 55
 28 17
 36 17
 42 33
 38 4
 1 36
 44 64
 85 69
 77 65
 94 14
 66 60
 96 95
 86 73
 40 38
 11 17
 43 73
 80 79
 49 7
 73 67
 90 91
 27 5
 42 10
 30 40
 49 75
 5 43
 89 70
 2 84
 64 88
 56 3
 25 67
 20 67
 39 100
 46 88
 7 18
 54 96
 8 81
 1 50
 90 31
 89 39
 6 93
 81 94
 63 83
 77 26
 70 33
 29 94
 99 49
 61 38
 48 7
 25 55
 24 79
 51 32
 60 52
 81 50
 82 70
 88 87
 63 69
 81 25
 51 58
 51 60
 33 57
 91 29
 24 58
 73 31
 24 73
 11 100
 85 13
 38 67
 98 34
 66 88
 23 7
 43 46
 13 60
 17 89
 49 34
 48 82
 91 39
 10 15
 96 82
 45 19
 55 55
 19 39
 68 56
 6 65
 90 71
 52 12
 78 95
 58 90
 55 74
 78 4
 8 26
 85 99
 64 95
 13 60
 77 58
 79 31
 13 97
 70 80
 53 76
 45 42
 47 97
 53 24
 92 10
 13 46
 84 91
 50 92
 16 34
 90 80
 29 3
 39 59
 50 18
 58 66
 95 54
 43 10
 1 44
 70 19
 72 27
 9 1
 57 97
 94 39
 69 78
74 48
62 97
93 37
28 24
6 48
76 83
9 24
10 24
39 85
17 37
0 88
60 8
51 40
8 87
31 56
84 21
39 15
77 75
96 67
22 70
16 23
26 43
69 89
75 60
60 77
36 88
17 55
64 73
45 49
82 16
66 45
3 93
40 74
50 25
71 5
32 27
69 54
9 44
31 35
13 77
30 74
96 75
86 55
28 68
1 62
11 42
40 14
62 70
86 38
64 84
59 39
25 67
33 48
52 13
42 50
19 36
30 51
20 89
66 20
98 0
68 61
93 70
88 16
13 70
85 36
52 37
27 93
8 52
39 88
97 18
11 15
45 88
25 57
22 50
43 89
3 20
16 1
16 95
76 78
7 87
43 31
62 6
33 33
42 48
22 10
24 86
41 17
2 88
18 59
12 50
8 52
64 9
46 17
26 81
38 96
38 70
69 51
49 96
81 66
38 1
14 26
89 81
27 67
12 23
79 49
5 7
5 66
87 6
82 39
61 23
94 53
84 10
11 0
15 69
48 43
96 58
67 43
57 69
46 39
66 94
77 89
43 8
44 85
16 66
23 6
67 57
63 42
38 75
14 34
27 51
94 28
15 79
54 19
14 41
77 59
70 71
69 92
96 73
57 59
15 35
22 4
65 45
92 68
18 86
96 63
84 51
45 88
43 43
85 77
13 41
19 55
45 76
76 93
8 75
27 6
10 47
68 19
77 11
47 93
65 56
74 73
23 5
30 5
3 10
68 29
31 6
13 92
24 99
39 89
61 80
43 65
91 96
43 67
32 32
9 51
3 71
62 76
13 27
50 97
29 79
4 85
85 63
88 55
73 82
39 28
54 90
27 5
55 82
81 60
95 48
74 11
78 92
96 29
20 4
38 7
9 54
41 78
68 15
12 48
11 33
74 66
10 20
7 46
40 74
16 89
53 78
37 64
71 17
96 16
12 6
10 40
60 8
6 96
95 35
33 26
87 41
83 18
22 41
75 45
66 48
19 50
91 15
96 50
69 39
62 54
25 34
16 58
65 19
55 65
18 81
6 69
19 82
15 47
13 29
27 48
1 75
2 90
90 34
61 39
26 86
21 60
32 99
7 30
42 80
8 8
24 96
18 15
36 67
33 25
83 29
48 11
74 67
65 44
15 21
15 2
94 73
83 64
64 39
24 15
21 16
75 86
75 51
43 30
8 79
96 91
63 17
83 24
11 53
34 11
92 60
31 36
20 92
55 46
11 94
96 95
71 38
7 38
6 55
1 50
72 25
2 69
37 73
87 93
27 44
16 49
68 67
12 95
2 2
99 64
81 31
21 76
72 67
65 42
98 52
3 52
23 51
53 27
95 82
54 86
0 35
47 41
53 70
59 4
83 37
94 12
36 60
91 90
25 26
2 76
62 98
42 49
22 72
68 93
14 54
94 22
84 64
76 88
0 61
92 52
44 78
64 11
91 36
74 62
48 95
22 22
80 57
41 57
65 40
99 77
60 26
31 88
45 92
75 25
71 30
65 48
31 13
50 60
57 94
66 13
21 78
26 72
2 60
97 97
35 33
19 6
54 49
8 52
5 18
53 5
85 63
51 42
76 80
94 62
37 45
52 73
67 30
60 43
0 28
65 13
9 2
25 7
58 60
20 16
69 46
73 74
26 87
73 81
40 87
96 72
22 12
61 41
64 57
46 23
95 29
55 73
23 80
69 0
72 1
55 34
99 61
99 69
48 25
26 12
28 4
89 24
47 19
78 70
28 15
29 37
53 61
12 24
65 78
39 7
78 29
72 96
59 37
91 80
74 71
88 0
65 77
84 84
35 4
62 4
20 6
97 72
39 42
8 59
61 27
19 96
60 17
88 52
24 11
95 99
15 54
9 80
12 51
43 45
63 77
50 4
89 89
56 50
70 46
81 71
37 11
11 90
60 14
48 21
82 74
36 71
37 77
83 37
1 84
71 16
48 94
57 36
92 86
6 41
46 22
6 38
16 99
45 98
38 41
35 42
83 31
82 0
0 24
92 25
15 92
54 2
81 90
7 46
35 70
68 22
88 41
32 39
19 29
33 5
3 94
75 63
8 34
94 56
88 90
92 31
51 38
15 13
73 72
73 80
60 45
54 99
36 94
14 53
58 94
99 61
32 97
63 18
13 86
28 72
11 1
18 81
86 44
36 46
90 42
82 54
84 45
99 35
28 44
71 68
49 82
43 30
82 66
28 51
17 33
46 89
72 6
56 43
9 15
86 32
80 75
16 68
13 95
 50 88
 10 78
 89 22
 10 11
 80 59
 28 37
 25 22
 91 68
 32 91
 11 1
 10 83
 28 19
 84 85
 15 77
 23 84
 54 72
 72 64
 50 61
 86 59
 71 66
 18 99
 3 42
 21 93
 9 52
 84 20
 53 93
 2 80
 12 85
 64 26
 61 86
 9 15
 58 81
 78 7
 41 64
 66 11
 29 83
 10 31
 24 30
 24 30
 75 52
 78 8
 80 56
 78 18
 16 19
 50 37
 100 74
 27 63
 35 95
 76 53
 48 92
 30 8
 20 43
 17 74
 20 2
 3 95
 53 80
 2 33
 36 80
 50 51
 98 99
 87 98
 73 14
 61 7
 8 37
 59 55
 28 89
 63 47
 31 80
 20 51
 81 23
 46 34
 3 48
 67 38
 27 16
 88 25
 15 75
 22 87
 88 82
 94 95
 18 52
 50 46
 41 13
 93 72
 93 12
 23 74
 35 68
 7 37
 15 73
 74 54
 38 16
 87 10
 24 82
 91 6
 47 65
 67 16
 26 60
 29 11
 37 46
 6 27
 91 37
 96 23
 20 86
 64 48
 11 27
 2 48
 42 88
 57 65
 70 48
 71 17
 12 38
 32 37
 98 60
 48 35
 5 53
 62 96
 90 57
 18 9
 43 82
 57 53
 8 58
 100 50
 46 57
 15 16
 4 86
 32 16
 23 63
 53 21
 22 100
 55 27
 53 16
 23 42
 73 41
 51 15
 22 8
 68 30
 66 67
 79 12
 24 94
 27 83
 45 92
 56 57
 54 85
 93 72
 56 71
 65 94
 92 54
 12 88
 11 96
 30 40
 67 12
 66 34
 36 79
 96 1
 27 43
 83 71
 34 39
 28 88
 24 20
 60 79
 91 24
 73 82
 78 84
 69 89
 80 99
 28 47
 10 94
 81 46
 73 77
 46 100
 19 28
 70 53
 67 98
 40 90
 17 99
 69 7
 23 41
 89 1
 25 58
 89 5
 57 17
 52 66
 11 32
 12 83
 9 57
 82 27
 85 52
 80 51
 49 19
 41 65
 18 9
 72 40
 49 61
 40 74
 18 29
 78 74
 45 29
 40 55
 61 51
 37 69
 8 19
 96 92
 70 75
 43 19
 94 83
 84 11
 91 55
 50 40
 15 90
 13 33
 18 90
 6 62
 19 45
 17 79
 96 54
 48 3
 72 44
 94 42
 18 36
 60 11
 19 43
 22 10
 98 71
 49 12
 61 61
 44 78
 51 50
 40 69
 95 57
 48 90
 10 96
 92 82
 39 86
 23 57
 22 83
 68 40
 25 89
 49 22
 60 97
 34 20
 58 78
 98 9
 27 38
 78 21
 94 25
 11 4
 21 2
 85 59
 87 8
 15 8
 90 83
 48 14
 71 97
 36 30
 94 69
 50 51
 46 48
 60 73
 85 37
 94 79
 62 4
 82 82
 5 67
 41 92
 75 45
 64 67
 61 63
 28 51
 98 62
 12 16
 47 86
 74 71
 35 7
 3 14
 85 19
 87 42
 63 41
 91 90
 85 33
 99 1
 78 62
 67 38
 25 95
 88 22
 56 100
 38 3
 85 11
 73 20
 18 76
 34 3
 95 21
 45 58
 61 36
 47 46
 68 46
 46 46
 7 12
 83 31
 7 70
 53 62
 69 90
 64 54
 1 37
 74 18
 12 7
 21 6
 28 65
 63 88
 100 10
 33 68
 55 79
 13 62
 91 95
 92 97
 65 45
 58 33
 34 21
 87 34
 58 60
 52 69
 67 72
 75 94
 37 37
 82 36
 47 15
 4 2
 93 16
 63 83
 11 55
 79 75
 99 36
 8 32
 57 94
 66 14
 54 18
 83 20
 90 57
 14 26
 94 95
 62 40
 9 65
 41 1
 81 4
 84 91
 58 62
 66 57
 98 73
 89 55
 66 54
 68 19
 72 51
 39 61
 7 52
 87 100
 47 48
 40 55
 13 81
 56 93
 84 39
 83 42
 1 48
 98 99
 21 86
 53 86
 40 21
 5 12
 71 44
 72 77
 96 59
 77 42
 6 16
 97 18
 96 53
 10 80
 92 93
 22 92
 41 19
 90 61
 5 43
 47 45
 63 52
 57 33
 95 28
 10 91
 87 87
 32 92
 2 29
 10 98
 81 19
 78 58
 52 39
 50 98
 16 16
 93 79
 38 80
 2 100
 86 63
 47 66
 65 26
 47 86
 41 25
 44 43
 79 2
 91 36
 46 50
 94 98
 88 43
 95 3
 58 88
 81 96
 67 83
 95 52
 45 42
 18 10
 67 64
 96 8
 88 39
 50 67
 41 41
 3 86
 90 96
 83 78
 39 78
 81 97
 65 61
 92 32
 43 87
 84 88
 28 1
 98 95
 64 94
 2 52
 32 52
 18 72
 93 21
 58 83
 16 41
 60 54
 18 40
 51 83
 1 43
 14 44
 29 97
 32 57
 97 29
 52 61
 23 54
 12 54
 5 30
 26 98
 50 83
 80 66
 23 40
 20 41
 79 70
 23 80
 12 37
 23 41
 33 54
 97 30
 83 49
 91 5
 2 2
 59 7
 32 84
 4 82
 66 84
 47 89
 23 67
 29 2
 36 51
 81 48
 88 3
 88 20
 57 85
 50 40
 33 40
 45 34
 42 3
 41 73
 87 44
 55 53
 27 1
 41 49
 68 69
 50 3
 20 31
 50 8
 34 38
 27 90
 22 77
 30 55
 16 75
 89 58
 78 29
 31 64
 73 85
 16 99
 86 56
 48 53
 25 98
 56 45
 28 6
 52 61
 43 79
 51 64
 55 81
 19 71
 55 7
 29 32
 35 59
 95 7
 44 10
 6 30
 66 54
 83 91
 51 38
 36 79
 43 87
 39 85
 66 90
 49 21
 70 68
 92 24
 74 20
 56 9
 79 50
 16 23
 60 21
 52 26
 74 35
 17 25
 72 52
 3 15
 39 42
 100 4
 31 49
 25 1
 16 16
 25 89
 36 80
 98 15
 30 13
 37 90
 34 89
 16 8
 23 32
 32 95
 83 35
 9 21
 76 8
 25 6
 56 49
 6 72
 64 30
 60 100
 10 57
 14 39
 70 50
 29 3
 39 44
 10 61
 75 42
 56 58
 76 65
 79 51
 72 3
 57 28
 52 63
 99 16
 93 59
 15 2
 16 28
 41 85
 78 69
 87 16
 12 97
 77 87
 38 32
 44 14
 96 22
 65 68
 25 22
 96 76
 84 95
 91 77
 54 5
 79 69
 33 19
 53 10
 88 40
 25 99
 37 2
 86 75
 34 29
 88 29
 50 53
 97 74
 74 93
 50 58
 88 40
 34 41
 45 12
 9 77
 31 62
 86 18
 2 11
15 88
89 88
38 35
28 95
38 0
7 20
44 45
82 55
18 84
15 17
32 72
15 88
84 20
41 65
19 68
1 92
29 4
79 15
70 78
36 6
52 71
70 1
42 23
82 55
99 47
71 61
89 38
92 69
42 23
38 84
8 71
29 0
88 14
81 65
13 6
7 15
45 67
79 27
70 8
65 84
25 71
0 49
83 62
99 73
66 15
87 28
44 78
68 1
8 35
63 65
95 89
5 5
63 46
96 53
91 50
58 42
50 30
30 38
63 82
12 69
14 84
93 88
50 57
7 57
57 96
67 45
14 7
55 37
69 70
50 75
65 92
89 84
22 35
32 25
92 55
13 65
50 85
29 17
15 67
57 18
7 70
71 34
58 4
21 32
20 81
97 50
17 0
94 81
64 44
52 82
68 13
18 88
20 49
18 0
13 21
18 84
0 85
12 8
29 3
50 71
56 44
67 72
78 76
4 29
64 19
3 84
6 84
13 25
69 34
64 96
41 23
40 4
37 45
53 41
96 96
34 50
54 65
34 60
90 65
2 33
58 48
37 0
5 85
94 43
69 76
84 93
62 7
36 0
96 10
99 92
80 28
82 62
41 94
41 70
75 15
46 55
40 62
71 46
92 68
91 88
75 77
12 34
78 29
7 64
54 1
23 22
97 10
59 96
6 88
88 82
83 66
12 93
1 72
43 55
20 74
79 77
22 19
14 37
26 26
93 28
97 32
92 20
13 50
73 24
30 62
25 3
20 15
72 4
58 56
32 81
46 92
54 55
86 72
67 3
93 91
19 76
31 39
79 45
66 60
18 79
68 7
31 9
43 35
52 17
15 44
26 84
87 69
45 27
64 59
33 63
39 38
4 14
97 80
71 86
6 16
50 3
80 78
89 13
13 34
96 92
68 36
55 25
7 5
96 36
84 45
93 34
74 79
55 89
58 60
72 30
63 97
36 91
10 81
61 83
26 22
99 11
36 48
23 71
87 12
99 4
12 41
79 75
29 92
27 79
47 9
13 51
11 61
72 87
87 76
80 18
59 39
56 18
31 93
60 64
50 60
82 79
26 72
93 86
69 63
49 4
20 53
8 32
89 28
63 45
1 8
78 26
66 97
19 45
37 56
13 68
80 85
75 52
35 58
19 15
89 29
93 52
87 7
19 85
70 27
61 53
40 79
23 65
12 13
4 11
29 17
85 44
41 82
54 72
98 37
95 23
28 28
76 14
89 9
93 19
28 93
94 76
6 87
10 7
87 85
2 38
50 9
85 33
57 80
12 48
21 9
12 28
91 80
26 30
97 94
87 99
35 48
86 16
38 75
44 35
42 87
45 33
65 67
43 71
66 57
54 83
13 55
67 57
37 11
69 70
44 39
53 7
56 67
22 91
39 68
5 29
13 49
2 19
1 61
73 24
18 36
62 46
72 92
38 36
33 14
37 83
44 11
43 5
74 89
42 52
61 98
99 17
23 95
47 31
8 62
27 63
60 55
95 73
27 58
80 99
37 1
90 7
62 18
84 48
51 89
12 77
28 29
66 72
92 89
20 45
46 61
7 37
82 25
87 7
6 61
72 87
16 31
46 56
12 99
41 95
75 99
38 75
18 14
8 66
4 47
22 30
68 26
7 95
98 56
38 54
8 81
65 85
32 99
54 95
94 28
20 55
10 12
83 17
86 79
59 16
68 12
78 5
65 67
60 90
17 1
65 46
83 43
27 37
93 30
93 41
65 92
81 7
20 72
76 49
68 44
72 41
26 90
45 4
23 86
51 91
93 14
9 94
14 80
47 79
43 65
6 61
66 51
24 59
30 45
11 84
74 28
38 22
33 38
2 44
72 81
91 38
96 57
91 0
59 41
6 87
53 87
62 52
65 26
19 45
79 92
25 64
91 83
51 93
44 90
3 52
81 14
53 27
18 28
22 0
49 86
71 70
76 23
0 43
36 20
9 9
61 43
30 39
87 76
9 32
79 17
96 80
10 71
52 31
33 93
7 5
27 17
1 79
80 91
80 37
24 84
26 18
51 96
31 39
37 46
29 99
88 34
30 77
75 2
73 71
81 96
81 23
64 49
9 54
37 70
87 56
4 55
80 16
16 65
99 66
58 66
1 4
62 24
44 10
64 7
40 89
87 49
39 40
35 12
74 72
74 21
11 34
60 83
77 76
30 67
11 20
24 7
34 45
14 65
88 76
49 0
79 11
4 54
42 46
4 79
66 67
25 10
89 79
12 64
77 1
90 62
10 9
19 23
96 1
18 95
79 83
99 73
58 25
28 18
52 33
2 84
44 56
48 23
98 49
94 27
51 93
70 91
1 18
24 91
88 79
13 37
66 51
50 46
28 6
13 9
36 12
3 15
98 57
58 6
20 75
94 42
98 59
43 53
66 71
5 2
11 47
19 71
82 69
75 39
83 19
2 66
59 50
7 0
5 51
78 28
50 4
4 17
2 63
80 34
89 46
10 47
19 31
94 20
46 75
8 51
61 21
94 90
61 96
17 44
55 42
71 3
68 96
91 49
80 49
10 99
91 6
9 45
92 90
59 90
86 55
4 58
26 41
90 18
31 56
58 6
25 8
86 14
5 7
61 75
46 14
23 98
65 92
89 39
76 41
73 12
5 3
35 17
81 72
7 78
75 53
67 64
87 55
12 75
15 55
64 51
24 37
42 9
31 10
82 78
9 43
16 18
53 60
10 81
48 15
13 87
65 53
15 69
12 84
64 37
11 51
24 42
58 49
24 95
92 38
18 29
98 8
58 36
64 34
28 33
32 3
37 44
67 37
68 67
6 57
78 17
64 71
18 77
11 62
87 34
81 41
57 43
91 28
57 85
42 41
14 82
87 61
98 22
45 25
93 92
97 60
23 72
22 4
97 43
93 11
12 22
27 54
28 18
19 78
35 1
8 43
53 34
67 3
32 81
6 82
66 20
73 39
32 33
49 46
80 52
29 16
39 11
37 77
13 38
50 84
76 8
49 50
13 33
65 57
47 92
83 13
84 99
62 82
89 20
94 13
65 25
33 23
6 24
95 32
52 41
46 74
70 18
27 14
35 70
65 24
15 34
65 75
27 39
60 37
66 58
87 43
46 75
29 99
80 47
64 68
84 40
27 99
98 84
90 49
99 22
99 51
96 47
23 6
92 19
66 96
51 85
5 29
30 87
31 90
75 0
64 82
26 87
92 77
93 70
48 28
49 20
23 45
5 67
54 17
88 5
18 61
96 77
11 5
3 61
6 44
96 28
50 86
96 74
78 13
5 95
98 18
24 82
1 27
82 7
26 83
55 2
16 37
5 95
80 26
20 16
81 9
24 61
88 46
50 48
53 69
85 84
48 51
5 86
5 22
10 32
6 7
42 9
87 19
61 80
58 41
0 5
31 14
26 3
74 99
56 94
2 74
83 81
25 78
10 48
29 79
59 52
42 41
78 53
31 56
49 17
72 34
32 89
35 75
92 39
89 74
28 6
20 16
17 91
84 68
27 89
22 43
55 41
29 49
79 66
33 92
2 50
65 24
65 45
43 21
7 38
68 24
72 92
24 62
22 93
52 28
90 54
10 36
22 67
78 14
6 51
93 9
18 31
59 59
8 44
14 69
7 77
37 74
75 35
60 28
67 78
23 27
41 27
19 57
61 86
29 68
2 46
74 31
45 12
40 79
77 28
33 6
9 87
68 80
93 89
16 4
73 92
8 90
42 47
30 8
12 85
89 36
16 64
44 69
49 81
38 4
86 63
82 20
57 26
86 17
44 15
24 95
19 29
11 13
46 10
30 88
27 76
49 42
57 4
76 63
70 48
57 4
52 38
46 19
50 2
56 49
62 52
13 33
57 9
19 94
74 11
36 83
0 73
37 49
97 78
8 67
49 92
20 46
69 39
64 52
80 4
41 3
98 38
17 50
72 27
81 14
17 21
71 14
45 55
12 8
9 36
31 88
56 36
78 41
86 87
95 23
15 73
50 15
32 96
72 7
98 71
84 5
77 33
46 12
85 91
33 95
20 71
73 92
89 83
90 75
28 1
95 6
52 15
5 20
74 20
31 82
57 77
61 53
49 40
50 23
78 0
77 8
7 82
19 14
59 20
60 59
63 66
60 42
74 12
39 77
68 61
73 80
88 67
40 87
34 88
19 39
62 61
84 3
99 98
59 15
22 1
80 37
54 66
90 0
28 78
30 93
37 43
12 96
61 18
13 52
39 72
33 61
88 18
96 50
97 21
90 1
12 78
75 15
61 50
91 48
29 50
25 87
7 92
57 14
64 11
82 12
38 38
21 63
71 11
88 30
8 74
98 25
2 56
31 23
53 0
43 94
18 4
93 77
26 73
31 54
90 22
69 73
90 67
83 48
36 57
91 5
67 58
81 83
6 69
85 30
11 17
41 46
35 54
4 28
35 32
42 79
95 56
90 97
42 24
76 19
34 18
98 23
35 80
43 49
89 77
65 73
30 58
90 0
6 29
49 30
55 96
29 39
94 70
28 36
 17 38
 12 2
 12 45
 31 100
 74 81
 52 71
 54 25
 63 4
 82 50
 43 15
 90 87
 27 99
 63 57
 61 49
 74 62
 59 91
 99 71
 92 10
 16 22
 9 89
 2 61
 60 56
 85 23
 60 67
 72 2
 82 62
 89 8
 61 52
 65 21
 100 39
 82 59
 29 81
 29 88
 78 54
 61 5
 24 7
 60 100
 80 22
 90 90
 77 49
 46 83
 22 4
 42 89
 23 38
 73 10
 29 4
 96 7
 6 95
 94 84
 48 54
 89 72
 61 48
 72 41
 69 61
 30 46
 10 75
 28 31
 79 70
 20 2
 8 92
 12 37
 96 8
 43 2
 2 37
 85 50
 91 73
 22 51
 21 93
 91 90
 54 21
 35 63
 96 63
 94 74
 33 13
 75 40
 5 86
 77 100
 94 19
 1 95
 55 86
 45 45
 59 67
 96 79
 59 87
 68 12
 8 3
 75 3
 66 68
 77 98
 81 52
 38 85
 38 15
 85 31
 33 86
 26 88
 71 71
 33 29
 37 29
 8 96
 16 76
 7 23
 78 82
 26 44
 49 2
 42 29
 54 79
 14 91
 94 99
 22 26
 84 47
 14 55
 18 47
 84 54
 75 92
 49 90
 67 56
 13 45
 37 38
 88 86
 40 29
 15 93
 8 28
 84 1
 27 5
 27 10
 52 41
 65 70
 87 49
 23 62
 40 72
 51 6
 27 64
 50 63
 1 38
 49 40
 66 63
 33 74
 90 16
 75 16
 21 1
 26 73
 41 91
 42 28
 39 65
 89 79
 36 40
 84 62
 3 34
 25 4
 72 73
 43 37
 35 76
 11 25
 91 85
 41 12
 86 67
 85 27
 57 26
 54 96
 90 43
 74 25
 83 58
 87 86
 92 12
 89 63
 84 32
 100 19
 7 10
 44 98
 95 84
 9 80
 51 93
 7 7
 19 60
 3 9
 3 76
 33 85
 34 20
 70 25
 31 59
 88 15
 90 87
 34 96
 97 77
 93 92
 61 1
 71 11
 94 77
 18 12
 37 20
 20 40
 96 53
 24 30
 73 94
 54 4
 53 42
 18 42
 28 52
 37 25
 28 30
 16 88
 31 87
 99 24
 63 16
 36 100
 36 56
 39 31
 9 63
 60 81
 57 14
 84 9
 55 2
 50 83
 53 87
 7 81
 16 23
 69 46
 9 67
 70 72
 83 5
36 30
20 22
65 17
58 87
32 1
95 0
1 92
83 31
3 37
75 4
41 33
28 24
39 54
20 67
83 69
37 52
87 34
16 19
45 28
18 23
12 70
89 48
26 72
18 82
92 53
72 38
36 13
75 71
3 93
65 19
28 2
62 48
32 58
29 47
22 85
55 13
50 94
56 61
74 42
21 65
66 18
52 19
98 65
85 11
48 81
23 72
4 93
59 75
10 62
71 62
53 64
94 62
8 48
37 8
85 85
94 75
79 92
69 49
20 69
88 93
96 32
21 97
5 45
25 36
35 43
84 65
19 76
10 55
48 43
63 97
85 5
97 31
75 99
8 89
23 26
31 8
80 96
6 61
53 64
72 5
5 7
23 18
28 1
5 13
69 97
9 26
54 28
18 87
9 75
90 30
69 20
21 43
38 12
24 24
11 55
51 7
61 46
49 21
75 10
79 31
89 74
86 59
32 33
97 89
62 77
76 54
74 89
81 65
90 85
17 42
93 10
16 51
72 66
68 7
8 5
84 10
73 92
80 18
51 97
11 25
50 35
72 10
62 56
74 31
73 16
97 50
93 19
50 68
85 58
44 7
45 76
93 77
53 72
24 75
23 32
92 43
98 62
65 15
80 11
68 76
25 85
38 94
29 93
23 41
68 97
31 2
89 76
29 29
11 95
73 4
83 39
85 98
49 79
68 18
27 24
61 93
92 89
50 75
95 23
0 65
92 4
23 25
31 80
69 68
48 34
49 11
87 24
58 46
79 51
30 76
90 22
99 16
3 85
27 47
27 20
35 54
97 15
97 36
39 50
61 24
62 46
75 66
64 39
98 87
61 38
37 15
16 29
2 7
58 97
23 77
55 37
69 17
88 55
12 52
99 62
58 57
33 84
80 25
55 55
35 40
24 42
38 45
87 96
41 7
40 52
53 98
81 90
54 41
60 20
92 73
82 45
82 84
99 8
12 32
47 24
2 67
94 14
58 83
64 3
7 30
30 91
83 60
81 32
0 35
92 74
70 82
9 41
28 41
43 11
52 53
31 4
23 42
15 73
22 54
60 65
66 97
81 97
1 33
96 22
17 10
73 4
53 95
69 2
83 55
45 76
39 0
80 51
97 71
1 28
55 70
59 67
15 32
34 39
19 16
61 68
20 29
87 53
75 78
99 61
40 65
93 84
47 49
66 32
4 44
98 43
91 57
12 83
14 64
2 30
49 11
13 52
81 56
70 27
87 2
63 66
23 18
84 46
4 56
5 90
5 50
22 32
0 40
89 47
84 39
62 48
81 12
87 76
77 72
11 48
60 4
1 24
63 21
70 3
18 71
85 0
88 93
12 67
49 39
85 89
75 92
18 61
95 66
4 2
38 97
53 7
14 84
9 63
42 6
33 88
32 19
28 54
35 98
68 4
53 40
42 89
83 67
18 19
28 78
38 58
3 60
4 51
22 38
74 58
45 14
0 38
97 31
27 26
54 47
27 74
6 25
21 47
66 27
77 52
77 19
13 10
66 26
42 52
89 26
8 17
6 24
48 77
66 2
21 35
76 7
81 23
68 84
20 78
99 60
75 88
93 63
54 68
13 92
25 52
16 32
12 43
60 51
43 55
32 74
44 65
50 56
60 35
69 83
53 52
37 99
28 22
37 47
98 79
5 99
62 92
24 77
21 47
73 53
38 70
49 78
37 3
11 36
19 2
75 36
29 89
8 53
51 91
84 5
84 8
66 62
88 84
32 66
41 61
60 61
86 30
49 88
99 1
13 14
7 57
13 17
28 71
43 5
63 69
39 59
45 28
39 47
5 48
98 29
55 92
76 19
35 54
65 59
91 75
43 87
39 78
57 28
39 83
18 25
76 33
64 14
35 21
21 75
99 73
35 55
6 22
98 31
9 14
71 44
38 2
9 44
18 66
59 99
99 96
20 22
16 26
79 65
48 30
44 51
51 32
53 83
55 68
10 91
4 26
71 96
42 8
90 96
33 62
90 67
71 97
21 38
89 98
65 4
31 49
32 0
0 94
84 88
95 59
76 29
38 33
57 5
27 45
69 64
8 56
94 66
53 53
17 53
76 26
40 30
17 18
97 82
3 50
83 47
9 62
58 84
45 8
76 3
56 89
21 1
44 23
92 83
32 92
41 50
88 43
59 12
46 80
42 84
81 39
12 82
2 4
57 79
11 35
61 7
64 53
57 21
96 63
94 15
20 64
53 84
19 45
79 79
97 92
25 80
80 8
77 80
68 55
76 8
 71 18
 60 10
 49 69
 73 9
 49 29
 22 33
 38 77
 34 88
 60 87
 74 67
 67 90
 89 35
 36 97
 2 5
 68 84
 10 39
 1 69
 48 49
 38 20
 57 86
 49 79
 18 87
 56 52
 74 15
 38 48
 81 5
 38 69
 40 73
 66 41
 77 33
 24 86
 72 25
 55 19
 74 92
 39 31
 78 88
 10 96
 74 65
 47 48
 80 85
 95 60
 90 32
 29 29
 5 95
 69 81
 27 93
 67 99
 18 22
 17 91
 14 56
26 76
2 11
82 51
25 60
61 24
99 6
24 14
94 21
30 49
40 84
87 10
72 39
80 8
32 49
61 95
94 69
32 22
81 73
51 77
27 63
31 39
97 77
3 1
35 31
30 26
5 7
67 37
40 13
78 26
35 31
77 81
34 22
9 23
14 98
12 8
37 50
14 89
27 9
20 45
7 25
42 73
15 69
79 90
28 17
97 19
56 85
9 46
1 17
79 19
26 7
46 28
28 0
57 29
53 16
34 46
45 84
12 63
81 19
51 67
31 54
7 87
93 74
8 46
85 75
64 56
28 33
17 86
3 56
57 50
21 20
38 35
27 68
82 27
17 40
43 46
6 80
8 10
7 6
11 94
17 2
60 46
18 49
82 9
96 57
8 1
44 73
66 83
15 76
7 1
7 12
59 36
53 95
76 73
54 16
78 8
47 83
4 58
42 76
37 26
12 97
94 76
37 24
6 31
28 85
48 21
57 11
93 67
23 29
65 12
90 47
24 58
87 53
75 71
52 18
53 61
55 6
79 89
61 22
79 32
11 11
39 26
51 53
2 65
23 74
46 98
61 35
33 28
8 88
1 91
78 3
41 38
28 41
34 14
72 66
71 77
38 7
11 3
18 83
17 55
87 91
51 17
61 90
89 16
20 63
85 75
44 69
85 4
50 79
14 45
70 53
6 5
18 11
72 18
52 68
34 86
10 11
16 56
67 43
17 36
87 20
53 21
30 91
85 29
78 13
34 55
63 64
17 15
58 47
53 58
3 58
93 12
20 46
22 82
90 51
17 51
19 11
64 65
17 17
93 20
77 22
27 11
33 76
93 4
41 73
95 75
5 47
60 21
92 20
54 15
4 46
25 81
2 1
41 62
39 73
51 60
65 79
45 33
8 89
98 53
98 93
59 75
98 14
64 15
57 13
45 77
27 34
31 45
47 96
78 91
68 53
81 27
32 27
26 73
87 5
20 58
97 83
97 68
34 1
70 59
30 13
43 49
6 83
79 6
52 77
50 51
63 27
30 8
70 91
36 91
64 76
46 28
67 6
22 50
30 68
73 50
16 88
27 19
77 14
56 59
28 47
35 20
10 70
43 56
65 70
44 54
9 62
2 17
58 45
0 6
78 55
14 74
24 38
48 92
67 17
92 9
16 62
87 51
21 72
34 56
75 66
97 11
95 75
33 91
50 76
70 4
32 71
93 47
71 4
65 47
59 57
3 10
5 23
7 49
21 91
28 92
85 81
24 64
61 13
45 79
57 26
77 77
9 16
86 12
96 77
57 54
40 61
13 28
80 50
12 15
77 96
24 95
90 44
54 84
20 41
9 94
79 72
83 67
23 97
26 28
96 32
0 74
79 6
39 24
16 77
72 47
59 26
88 82
42 35
41 85
60 48
82 86
77 55
23 62
7 15
47 14
11 64
84 69
49 3
46 83
21 79
37 47
95 82
71 7
28 27
27 35
30 53
38 81
71 61
53 91
77 99
50 26
13 13
61 36
57 98
36 75
49 34
40 60
61 59
26 15
95 78
85 98
7 21
28 64
67 17
53 4
96 59
37 15
98 34
30 97
29 79
58 59
58 2
44 83
18 43
99 87
33 87
88 54
41 44
13 39
30 62
76 96
87 94
95 65
62 45
6 93
74 91
28 56
76 61
28 89
98 54
51 86
28 36
81 49
88 57
38 58
71 32
56 17
64 40
99 35
88 78
13 36
87 68
35 63
47 58
80 19
3 74
80 91
78 7
1 21
8 93
68 58
94 76
95 39
57 21
94 63
41 14
67 74
43 47
57 30
58 42
81 81
10 74
41 17
14 93
30 3
99 71
61 27
65 91
63 34
58 82
96 48
78 86
47 89
84 64
86 8
37 50
96 7
87 30
58 45
13 47
9 1
51 10
22 71
58 40
24 18
17 36
13 76
2 39
76 96
59 43
29 55
17 81
38 95
30 17
31 11
21 73
16 76
29 52
4 80
62 10
82 39
84 37
25 79
69 20
60 55
25 36
39 20
26 62
50 83
51 19
33 86
28 65
57 33
27 48
16 52
5 68
68 14
44 56
23 72
56 16
33 95
53 55
31 34
97 4
80 68
55 5
43 6
48 26
77 97
50 16
92 20
75 20
21 88
34 9
6 69
97 81
52 32
92 81
76 74
23 2
71 4
43 33
90 92
10 92
50 99
61 28
24 69
78 64
38 68
16 10
75 53
98 92
84 51
89 10
33 26
70 96
13 47
98 8
53 47
68 5
29 99
7 74
85 1
11 74
90 93
84 32
13 57
62 89
45 45
35 43
5 42
76 70
74 47
80 26
91 79
85 83
92 90
9 49
49 30
3 13
80 78
60 37
33 16
34 96
90 6
83 8
11 56
85 60
29 28
87 97
30 90
10 66
36 32
37 45
49 60
36 38
3 52
74 31
6 8
2 23
30 73
15 34
77 89
72 41
82 62
37 94
68 36
18 57
22 78
68 27
38 23
63 97
99 28
63 21
16 66
49 55
95 79
95 49
54 22
91 27
22 93
81 61
38 10
69 82
99 44
15 5
52 23
22 48
72 51
82 23
91 61
14 78
67 53
10 67
26 37
61 52
18 18
23 51
90 53
72 15
19 40
14 23
70 42
41 48
60 46
81 13
47 2
20 27
84 14
22 39
81 81
48 25
43 42
95 5
39 18
65 38
3 4
21 29
3 59
69 78
55 44
43 17
27 6
7 82
25 25
38 60
39 13
19 86
2 22
46 7
23 35
42 96
57 83
88 3
85 10
51 36
74 58
67 98
34 64
78 66
33 17
69 79
69 83
58 75
15 85
90 39
57 94
24 2
45 30
65 51
9 27
15 85
45 15
51 18
45 11
17 10
29 76
49 39
47 7
15 42
92 72
0 91
98 30
5 21
32 93
9 70
50 6
61 43
83 22
31 68
10 91
47 88
32 91
31 6
96 4
78 56
35 28
76 21
56 41
56 69
10 23
12 47
81 71
11 4
26 73
35 85
84 64
46 4
77 71
18 91
48 15
1 96
4 24
19 6
42 9
8 59
52 54
57 99
87 43
54 13
70 99
31 92
39 99
2 26
81 47
32 95
77 53
94 5
17 11
57 93
65 6
50 66
12 70
87 79
30 58
5 21
80 2
22 46
42 0
77 96
84 35
47 45
59 0
53 54
89 15
35 88
18 65
33 51
17 69
69 22
36 17
13 51
82 19
89 46
1 2
55 64
34 51
86 76
59 56
7 93
49 79
30 50
36 39
22 15
16 8
68 12
16 94
94 13
58 93
29 83
26 11
42 5
77 34
78 52
10 22
28 47
50 75
1 64
61 92
30 74
4 63
66 82
6 24
36 43
69 66
23 26
3 86
86 89
55 84
63 92
13 26
90 3
43 74
77 74
21 43
39 87
9 73
17 30
90 38
92 58
74 94
99 42
83 75
8 27
37 33
4 34
36 47
11 47
79 72
52 92
55 60
98 35
67 97
75 56
54 99
99 59
0 67
12 5
76 91
30 12
55 46
18 56
2 26
16 31
78 69
34 47
89 7
27 3
44 11
42 91
57 12
65 35
5 91
7 3
17 12
6 48
80 39
38 28
47 40
49 73
89 63
98 84
87 86
67 89
51 43
56 50
4 49
87 98
25 85
1 52
25 2
70 71
95 9
45 72
1 48
91 48
93 48
20 90
91 72
67 82
23 46
4 21
33 63
69 34
41 5
11 0
67 46
67 37
55 81
67 22
80 36
72 41
12 8
18 16
79 0
19 41
71 82
19 4
67 26
55 99
66 25
15 51
25 19
86 54
4 42
32 6
70 99
97 78
24 55
16 63
27 36
62 80
52 7
42 69
40 81
40 98
95 64
45 24
87 7
99 26
63 18
15 84
75 29
19 73
94 86
22 21
13 54
66 58
32 34
64 15
88 99
8 95
22 70
78 28
63 97
48 8
49 67
90 12
4 98
56 84
87 30
2 63
58 41
55 95
44 43
8 0
32 17
42 65
41 40
3 9
30 7
51 53
44 72
8 60
38 30
26 19
65 25
47 43
75 91
61 0
5 23
2 30
83 51
63 17
20 15
23 42
56 34
30 62
3 52
41 53
82 18
23 81
66 55
15 48
57 63
80 45
29 63
29 94
95 0
24 83
29 22
24 79
20 81
92 13
24 79
48 11
93 19
77 73
54 47
74 82
0 98
45 54
74 88
85 13
1 58
76 12
69 89
66 5
98 31
37 43
18 68
21 7
21 89
74 28
60 54
4 8
77 44
25 28
34 50
27 14
32 85
92 89
28 57
86 80
29 42
97 67
36 24
19 15
23 6
16 59
21 64
84 27
47 43
4 11
54 89
4 5
86 80
79 70
85 76
60 20
44 99
51 28
17 89
31 40
81 41
66 44
47 98
65 93
50 95
27 71
44 98
29 35
64 55
25 17
3 9
67 86
36 11
63 39
61 38
60 40
38 72
45 56
18 7
65 55
82 20
80 97
32 47
26 83
94 60
11 77
61 36
52 9
70 4
63 5
63 9
21 90
90 42
78 31
25 85
30 33
62 10
73 8
45 75
93 22
16 73
57 45
63 61
7 19
57 81
92 11
5 92
12 38
25 45
13 49
56 87
75 26
86 69
5 28
28 24
28 95
96 96
90 84
46 59
79 87
60 99
73 22
11 55
63 77
8 73
66 54
74 87
85 27
24 97
45 97
75 3
21 39
77 51
97 40
48 63
46 62
2 18
49 74
30 41
20 70
92 41
34 0
86 1
9 98
44 4
67 96
86 33
76 13
47 28
98 98
79 25
26 12
90 18
28 72
60 40
65 14
9 43
8 52
71 92
20 75
67 44
5 30
74 37
6 30
80 73
74 42
22 44
64 69
1 17
64 67
1 84
25 25
46 59
79 85
43 4
60 29
67 49
98 68
52 38
40 79
69 61
90 47
38 51
91 79
95 41
71 90
96 12
15 12
93 26
76 33
64 24
70 2
98 21
38 31
84 58
43 33
21 26
49 32
16 48
60 4
1 78
92 92
20 47
3 44
6 27
78 7
40 20
32 43
18 96
22 81
37 67
74 69
16 39
58 2
53 13
23 64
57 97
99 29
95 91
76 36
37 21
8 39
59 54
66 21
49 22
17 55
16 13
46 17
83 58
37 51
86 15
84 8
97 72
62 96
4 39
97 56
81 59
63 63
76 17
3 94
44 38
21 39
18 25
27 92
82 38
46 35
7 30
11 57
88 29
58 68
78 19
42 4
35 2
70 97
67 12
73 42
50 67
1 42
14 9
4 91
31 26
89 59
36 1
98 69
81 27
57 14
74 97
26 41
29 71
78 29
50 1
90 95
67 4
20 81
20 75
36 87
4 41
9 32
72 17
7 25
93 46
25 73
7 62
20 49
23 58
51 22
66 34
51 86
77 4
19 35
14 89
52 31
83 80
53 69
93 84
42 88
74 83
51 13
86 2
35 70
70 80
2 50
16 63
4 7
83 55
78 8
41 90
52 79
46 3
84 68
68 60
8 24
40 75
72 23
45 89
57 56
20 27
94 4
73 72
55 3
26 74
76 34
23 28
58 83
22 24
26 85
57 24
70 65
80 35
76 59
95 45
48 17
16 5
5 94
36 58
35 19
31 29
80 94
7 85
20 38
35 32
76 50
76 68
94 72
3 59
73 22
26 59
57 35
32 48
84 61
52 50
49 41
7 1
97 65
16 34
49 21
32 87
48 57
28 80
18 5
90 31
70 26
72 65
51 84
48 49
68 25
63 69
90 14
91 60
33 90
23 0
13 9
87 9
33 79
75 6
77 57
9 12
90 87
37 20
96 51
56 35
10 14
59 34
16 0
63 32
13 9
27 94
62 40
64 54
99 99
90 64
39 77
15 54
55 28
97 80
94 38
25 95
88 89
89 93
84 92
50 68
98 54
35 21
93 4
64 34
3 83
43 16
74 86
84 92
0 85
57 27
97 44
92 8
42 6
39 65
39 36
25 75
35 48
12 25
2 13
66 15
96 27
17 45
63 72
10 72
92 59
94 0
14 2
38 16
60 12
36 12
14 15
99 18
98 49
7 67
32 40
48 45
2 28
30 19
62 20
38 37
65 34
28 71
37 47
40 33
14 97
74 19
92 51
88 61
82 12
74 61
44 69
48 39
43 75
24 24
77 48
18 89
34 14
83 14
54 38
6 88
69 48
92 4
80 56
31 16
59 96
36 28
87 6
25 15
63 47
94 69
42 75
95 91
77 19
34 50
81 97
12 23
49 21
7 6
58 91
71 36
80 6
40 70
9 31
3 77
18 20
9 30
57 60
97 65
92 59
77 24
36 37
86 49
68 90
24 99
62 2
29 52
91 23
40 9
45 90
37 9
72 9
78 9
26 52
72 20
37 45
15 64
36 85
90 24
90 36
25 18
16 59
78 84
55 78
20 81
33 80
27 92
90 50
21 10
10 10
13 66
60 98
82 13
19 89
12 31
27 19
75 54
63 4
94 27
67 76
66 50
98 94
22 91
3 37
9 64
73 90
8 29
69 92
97 5
50 64
98 27
25 11
31 53
84 50
81 21
75 43
35 52
89 25
35 17
20 94
66 37
82 50
93 11
55 20
14 91
44 17
95 28
67 3
11 48
44 99
21 84
77 63
48 52
74 69
39 20
57 75
49 18
34 18
54 89
55 85
52 38
60 37
79 11
12 18
8 32
85 69
40 25
51 30
81 33
4 26
1 30
4 69
58 50
77 93
88 81
36 40
82 14
41 30
12 56
63 93
33 24
24 39
9 29
12 92
75 28
98 52
33 10
12 99
32 0
22 12
66 1
48 5
16 17
77 98
44 67
13 44
41 69
14 55
7 58
37 92
99 75
59 7
59 88
54 66
25 64
93 3
3 71
0 91
41 60
48 88
17 52
37 0
74 63
74 70
86 37
60 22
99 61
11 15
92 93
41 11
31 52
80 30
54 54
67 24
84 69
88 86
30 12
66 78
17 35
61 72
92 53
91 47
46 36
48 30
67 13
20 16
89 39
95 93
3 52
59 84
77 56
52 36
81 12
71 26
0 52
88 56
68 48
47 24
3 40
85 25
44 42
16 45
97 0
80 35
22 0
95 69
23 3
80 64
26 57
33 94
81 55
8 73
66 18
85 69
52 1
97 31
82 88
39 41
87 42
90 49
76 16
90 44
27 33
65 82
16 7
87 87
87 93
50 49
87 77
22 44
10 14
18 45
34 72
66 70
2 54
69 10
57 65
52 82
94 55
62 41
66 15
46 31
9 4
47 39
89 92
80 36
73 48
98 90
51 73
71 94
47 63
16 76
35 21
9 50
85 3
56 70
90 27
0 23
27 64
50 64
36 10
82 55
11 98
59 55
81 66
89 3
50 39
19 26
73 78
53 17
18 70
55 46
55 33
20 70
34 28
99 59
69 27
25 60
65 97
40 55
98 53
33 45
93 32
34 23
15 73
64 36
99 76
30 24
80 75
17 15
90 58
95 94
50 68
56 93
96 34
0 2
69 95
54 93
17 33
54 25
84 48
90 93
97 5
82 57
44 2
0 75
2 9
71 66
37 91
75 1
44 27
10 31
64 72
53 2
56 21
1 77
93 73
66 32
3 25
66 74
26 57
28 0
76 74
81 10
90 86
30 66
69 53
90 14
59 96
8 52
30 12
25 49
1 78
33 97
63 40
0 51
75 6
1 5
94 33
95 36
93 13
88 24
2 32
60 46
41 29
35 44
65 36
37 68
23 45
89 52
64 50
6 3
99 4
10 48
8 93
65 6
23 88
79 89
0 25
36 10
88 72
35 72
62 80
15 29
52 14
57 49
90 75
70 35
43 0
62 41
99 41
43 21
54 81
99 50
37 41
86 35
92 18
51 43
65 33
21 98
31 40
61 56
76 69
65 56
32 3
19 31
0 22
66 24
93 5
65 26
11 20
65 43
17 10
1 26
59 72
76 22
49 12
88 57
7 21
54 67
44 79
4 73
36 93
31 14
19 11
83 88
28 92
40 2
95 15
79 58
68 88
54 16
4 71
68 17
7 83
51 37
45 5
8 28
48 72
81 90
26 19
6 49
20 40
5 41
88 80
88 20
16 78
2 23
16 36
62 47
67 51
67 24
94 76
65 99
89 48
65 66
38 95
39 42
51 39
25 14
33 17
31 8
51 31
71 65
96 19
61 72
3 3
86 3
43 89
7 99
80 14
93 54
40 37
29 89
50 83
77 36
69 55
72 30
88 26
93 92
89 19
21 84
94 35
76 78
27 39
63 29
43 7
22 72
22 13
68 15
51 28
64 5
21 60
0 80
36 83
73 43
96 26
16 49
40 0
19 64
96 14
16 58
63 78
7 76
23 67
44 44
68 28
84 54
0 60
14 44
21 97
85 73
92 22
89 56
45 37
42 36
13 58
97 20
72 2
46 59
36 83
79 78
60 82
80 12
9 25
56 94
1 86
42 17
5 49
27 54
35 61
79 91
31 24
63 68
53 9
11 71
36 92
69 39
19 38
1 18
43 88
96 35
62 57
98 5
73 89
78 17
73 45
83 44
33 82
25 63
64 65
20 39
66 59
85 77
31 71
50 48
35 63
7 62
4 52
82 43
54 32
94 64
80 28
71 23
98 72
54 94
42 97
69 77
17 50
46 80
27 18
30 42
90 57
56 15
39 72
51 60
77 61
80 19
24 48
6 90
54 68
85 87
4 80
69 81
28 62
90 5
43 37
39 55
9 30
46 81
45 38
46 57
6 60
21 53
7 66
13 75
41 63
86 80
39 0
93 96
14 2
67 39
1 20
6 4
47 22
50 57
66 69
29 65
99 86
26 57
2 5
91 6
57 29
95 10
20 40
92 21
46 92
74 57
4 47
88 30
98 23
30 80
1 36
32 37
1 51
39 5
33 61
23 36
49 17
28 75
58 69
8 3
50 86
98 74
24 5
15 86
10 44
61 90
72 36
80 35
3 63
15 66
48 97
36 49
71 48
74 84
19 34
98 51
75 66
24 55
39 42
38 45
49 78
19 23
78 43
78 14
35 68
47 76
80 60
9 87
77 21
20 35
21 25
12 35
45 97
84 25
54 74
47 90
24 93
52 25
11 93
54 28
69 77
56 94
92 77
91 55
8 4
12 14
53 88
75 62
2 10
36 65
63 82
11 91
74 55
36 62
46 27
14 7
49 82
36 80
24 59
5 10
49 96
31 8
79 7
6 6
90 58
93 82
97 95
82 67
74 49
82 51
49 8
54 76
75 41
38 99
77 39
2 62
14 14
17 61
85 88
82 27
68 60
46 4
31 35
10 68
56 40
52 4
95 15
63 12
72 84
56 13
84 24
71 84
99 11
0 37
30 34
18 38
91 59
0 20
78 30
45 44
74 35
38 0
88 53
37 72
61 62
39 75
53 97
16 68
24 71
29 45
67 9
18 0
19 42
58 49
29 74
94 3
53 51
17 49
49 6
56 4
52 32
52 64
2 22
37 55
60 88
74 5
70 79
19 5
77 6
93 0
72 30
46 11
58 89
76 29
19 31
67 4
8 40
28 15
9 72
21 30
47 58
89 74
17 84
1 60
89 34
35 6
25 22
75 63
74 91
51 12
56 18
73 74
50 92
60 7
73 34
15 79
45 37
34 47
73 47
33 97
34 36
32 35
84 33
59 69
47 87
61 65
34 0
24 62
75 70
66 24
50 81
5 0
92 48
1 59
12 31
6 93
74 82
31 13
64 27
46 38
57 1
46 61
6 25
1 7
74 84
75 21
8 54
44 61
32 62
97 87
57 64
1 88
81 59
26 63
99 69
62 73
44 10
2 1
9 13
70 38
91 42
10 73
99 88
89 30
2 20
58 11
87 56
12 85
76 76
71 45
78 1
50 41
55 91
90 28
36 57
38 57
57 72
21 36
50 29
17 87
31 19
69 17
4 75
8 39
26 11
2 38
30 8
6 38
43 23
94 81
73 70
59 28
44 11
77 88
38 43
25 71
68 20
77 97
69 0
96 83
77 68
45 60
42 0
95 64
59 44
81 79
29 36
91 96
26 10
9 54
19 85
82 19
45 18
58 98
99 0
91 26
66 28
71 20
44 14
22 86
30 59
31 0
46 7
69 58
80 30
30 10
98 38
29 68
33 36
87 13
57 59
5 29
83 86
3 8
40 7
60 68
97 45
96 3
81 24
43 43
58 42
24 93
29 13
75 96
91 90
58 90
37 27
23 13
2 28
34 59
37 51
9 31
1 69
50 14
2 78
29 64
54 77
40 31
35 88
89 10
60 58
29 76
52 23
2 55
86 53
10 94
57 68
37 81
75 89
26 61
49 79
25 16
85 34
12 51
53 17
86 19
89 53
36 87
28 91
59 11
20 12
97 56
23 5
80 65
6 31
14 61
29 24
66 22
79 98
52 51
58 83
75 87
9 5
46 88
40 19
56 0
2 11
79 1
74 97
24 17
66 69
1 62
71 68
50 37
86 38
28 78
63 16
47 10
59 47
29 10
7 66
22 91
83 68
15 53
19 98
50 94
39 63
8 47
74 30
44 0
19 41
37 55
68 33
42 41
78 15
92 88
18 5
7 44
83 87
20 1
85 99
36 86
47 45
50 53
18 9
38 28
36 13
60 37
55 21
78 9
48 95
32 10
87 4
61 95
41 83
98 62
88 21
58 49
87 65
17 54
3 43
56 16
42 67
21 24
57 58
84 52
78 49
75 33
97 28
29 66
90 63
1 40
89 29
58 43
1 4
90 68
51 17
74 89
89 33
62 77
33 22
87 5
35 91
53 63
75 8
53 38
97 44
56 15
41 34
19 17
47 68
42 87
37 45
70 45
87 15
37 74
89 2
77 52
51 82
6 89
29 46
90 44
6 5
12 67
30 49
36 55
44 40
32 20
55 41
8 81
55 35
44 26
38 62
57 23
81 78
68 81
44 60
95 62
91 18
72 88
53 83
91 51
20 46
9 78
90 73
25 23
86 72
45 30
12 98
66 83
96 42
86 12
46 18
58 19
89 38
95 9
95 50
25 31
60 14
41 37
65 95
51 47
3 92
82 67
42 82
12 60
69 22
59 25
85 95
84 84
30 89
39 44
75 16
74 91
92 20
91 38
11 9
28 41
23 67
30 59
9 99
70 3
41 14
59 69
74 93
66 91
13 87
45 2
43 16
78 42
8 13
18 51
3 53
7 7
25 8
92 26
32 7
69 70
5 7
79 46
47 77
90 36
7 62
79 21
6 60
72 47
54 52
96 75
77 43
50 62
78 80
91 59
2 47
39 63
5 50
35 90
8 3
72 97
73 61
7 77
9 74
58 69
26 69
91 10
89 95
36 89
43 88
41 70
88 19
49 36
4 0
41 12
55 58
98 77
16 92
11 22
81 90
67 9
62 50
83 68
40 65
73 27
66 71
76 56
60 98
30 72
64 69
40 26
4 19
58 43
73 0
85 37
99 33
29 42
90 96
28 89
90 2
11 72
57 13
61 96
81 5
43 3
64 14
95 47
16 95
72 45
21 94
57 60
85 84
7 85
16 48
9 91
40 24
32 40
78 12
42 40
88 34
42 98
9 20
33 56
63 73
49 97
48 96
83 72
21 9
32 49
53 5
90 69
40 1
31 45
17 22
89 29
35 6
28 1
31 9
94 91
55 74
26 97
62 15
68 49
72 10
87 73
54 33
1 87
96 56
20 34
97 92
90 92
3 24
9 96
13 68
83 47
8 12
93 84
59 51
44 28
13 85
34 74
97 59
9 3
79 36
95 57
63 4
48 41
35 52
14 76
51 73
3 85
26 38
75 93
45 21
35 20
35 95
63 12
93 61
80 18
3 85
65 17
69 86
64 74
70 40
18 24
26 45
81 54
27 16
62 3
27 67
7 36
66 98
0 3
90 21
67 12
50 78
40 77
16 44
88 97
52 55
33 25
11 42
29 68
55 74
82 95
46 15
50 88
39 25
67 30
68 6
26 39
12 56
70 17
72 85
64 55
13 58
84 84
15 49
99 10
11 83
35 28
25 19
68 75
9 27
45 18
21 33
88 34
22 32
32 51
72 85
95 11
54 73
27 94
44 35
19 67
15 23
28 99
29 67
87 70
68 82
48 88
11 0
60 65
25 56
2 40
28 87
1 53
31 50
34 6
98 92
55 50
19 10
71 73
83 21
68 40
13 97
18 10
81 69
70 92
72 39
31 28
41 42
72 40
32 15
19 44
21 77
53 49
22 12
60 21
90 11
45 28
78 78
11 15
24 14
0 68
53 46
91 79
71 47
3 16
54 8
36 56
11 23
26 78
36 60
88 49
66 8
81 82
90 35
85 0
38 27
5 0
34 62
8 3
2 85
81 91
58 50
90 31
81 6
65 10
85 43
3 94
81 46
6 19
38 34
85 80
16 80
58 14
41 32
46 52
37 60
94 74
58 82
29 9
61 7
32 95
49 78
15 25
78 25
68 40
54 14
76 85
66 80
35 97
5 65
40 67
49 31
88 93
86 58
46 49
20 96
2 61
56 41
38 6
55 81
5 60
7 21
50 4
35 33
90 61
24 26
79 17
62 17
15 4
22 69
61 6
59 78
81 32
10 56
73 69
16 87
54 45
25 5
84 8
52 67
60 77
45 39
22 66
74 44
2 40
63 28
9 84
90 32
97 47
12 39
46 48
19 34
3 92
25 48
98 94
26 41
99 76
27 2
41 88
77 78
33 53
53 27
21 50
45 13
33 83
6 79
23 28
99 11
65 35
77 3
56 45
29 63
56 88
93 15
4 55
10 95
82 40
61 43
7 8
14 8
20 70
80 82
0 55
32 32
17 38
2 72
75 0
77 28
20 28
92 13
30 52
64 6
99 11
35 53
61 65
78 91
32 63
79 24
98 84
34 51
98 94
75 2
8 27
68 38
40 95
86 20
34 87
2 33
80 95
11 17
94 23
67 71
46 6
3 67
26 8
89 30
96 15
54 29
31 59
5 32
40 2
39 68
34 79
81 39
98 13
22 19
35 90
41 11
34 41
96 76
20 40
0 62
3 48
27 78
41 58
41 29
37 46
79 30
60 9
48 73
49 34
16 6
56 77
36 21
84 34
87 17
79 95
27 13
73 44
18 21
89 46
71 77
20 4
88 89
20 92
74 63
70 27
17 0
93 33
20 4
13 50
34 12
83 98
40 20
41 40
45 2
65 37
21 55
31 35
25 57
41 72
82 93
28 8
11 1
25 79
15 47
10 63
35 41
75 21
90 20
13 86
90 48
81 7
12 35
31 77
59 98
10 70
64 14
89 43
9 49
99 44
53 11
27 96
65 30
36 4
75 18
36 69
87 76
75 96
95 72
46 51
66 70
70 4
41 66
30 78
46 98
83 86
34 8
32 16
33 26
75 89
65 9
68 7
14 75
30 87
19 85
35 97
82 6
23 14
49 29
53 76
14 84
20 6
41 39
71 75
74 79
99 32
32 65
16 67
35 76
99 58
6 49
20 25
56 0
41 6
65 56
30 63
64 66
72 21
90 34
27 75
82 84
99 94
16 87
85 14
57 18
15 35
44 94
22 81
57 62
8 68
87 44
68 45
54 78
75 43
69 69
46 19
69 49
90 98
15 28
39 26
56 42
32 33
39 35
1 90
66 91
41 42
9 59
69 46
62 2
1 7
95 85
14 14
98 79
5 79
63 85
53 40
10 54
22 44
58 95
81 47
48 7
8 78
74 88
9 64
53 30
66 72
21 51
12 95
50 27
82 74
56 57
23 59
11 65
38 78
67 54
46 55
13 1
60 27
10 46
18 48
15 30
65 40
48 15
61 33
84 55
90 92
8 96
75 38
75 87
18 59
57 72
86 16
75 89
46 37
0 91
26 80
99 45
24 8
20 24
94 96
77 47
38 4
4 14
71 57
79 57
87 13
23 86
50 86
5 42
31 29
27 61
24 7
58 11
19 44
58 14
62 33
39 9
54 52
68 35
71 81
56 23
1 8
11 63
71 26
27 80
17 51
40 42
70 10
49 56
87 22
59 60
93 54
2 58
56 66
5 42
11 49
37 37
76 51
12 14
23 57
53 69
91 96
59 23
65 27
43 61
6 59
62 22
13 36
59 19
3 98
35 57
65 8
40 21
87 43
8 7
16 42
68 87
9 68
93 66
9 77
34 20
44 24
82 10
48 89
53 41
23 71
99 57
12 56
4 3
49 63
5 18
58 13
58 57
9 49
63 16
37 5
85 75
22 84
59 87
20 37
65 2
50 17
99 74
15 99
6 20
32 60
94 20
24 97
86 39
47 78
35 24
96 63
84 60
86 64
57 80
31 99
87 68
47 26
10 74
94 84
57 0
42 9
74 0
65 30
71 50
36 70
80 25
22 6
99 4
60 57
76 8
89 9
37 82
73 2
68 4
92 58
53 74
43 15
38 70
83 58
95 46
48 36
33 91
32 40
64 51
16 91
30 44
72 5
37 68
9 21
94 92
25 61
18 52
23 97
43 50
82 84
75 86
84 74
5 19
0 7
41 61
41 14
87 36
90 27
48 27
10 90
32 35
7 49
41 74
12 89
77 56
76 81
96 71
17 73
86 88
87 55
55 98
58 64
74 97
85 44
69 92
56 64
56 39
67 45
91 27
60 49
66 80
30 61
24 20
28 68
5 20
32 78
60 97
89 29
44 96
80 37
33 48
86 63
66 45
97 59
65 5
80 64
74 11
50 91
54 84
88 57
79 47
7 89
69 81
97 73
9 34
25 47
1 96
25 52
73 27
83 74
89 67
38 37
59 82
71 6
24 97
71 55
51 47
52 49
19 85
98 82
69 25
40 78
94 91
29 14
22 48
70 26
77 80
35 76
72 10
90 81
5 70
13 60
42 56
6 4
6 47
42 47
96 74
51 78
63 32
29 23
47 94
60 84
36 33
7 14
48 27
10 7
24 34
21 75
32 39
48 34
81 88
65 58
87 65
12 45
17 65
79 81
89 25
3 94
5 53
92 22
90 96
86 15
13 39
84 4
39 30
16 83
23 2
12 41
1 63
78 48
35 61
99 30
43 62
70 51
79 89
67 36
91 31
48 81
24 35
19 11
3 64
91 18
69 36
46 88
50 49
81 61
50 63
25 61
86 91
64 5
90 4
95 16
4 15
39 57
15 16
85 95
7 28
88 72
68 19
15 3
95 19
93 60
23 63
81 36
30 79
91 98
93 87
87 47
73 60
56 97
86 7
94 36
62 20
74 85
38 74
52 94
79 93
95 93
56 60
24 60
42 87
27 82
4 68
44 47
93 58
28 66
65 24
67 3
12 99
12 47
42 81
1 1
67 38
70 17
13 39
56 2
27 38
0 61
53 13
28 62
28 85
20 24
75 91
53 73
1 39
11 57
64 77
70 4
66 5
55 61
19 12
68 52
49 96
16 18
89 80
33 46
76 47
31 10
20 50
91 70
20 82
8 9
26 63
50 89
22 39
36 20
10 7
60 75
17 8
48 39
37 0
56 29
31 4
85 40
78 97
62 48
4 93
42 97
66 5
9 37
83 81
27 0
98 60
47 71
33 70
93 25
21 99
44 38
25 0
13 47
1 78
21 84
25 5
44 16
92 83
84 80
88 44
15 64
41 62
32 48
32 13
13 82
58 13
55 61
82 52
61 9
22 76
24 89
26 1
36 67
34 40
96 70
60 16
33 60
71 36
13 18
81 46
43 97
50 94
51 92
78 23
27 10
8 57
2 99
68 68
62 95
67 55
59 7
95 23
18 31
6 56
89 15
87 34
74 27
83 76
77 92
92 52
28 45
89 88
64 77
32 41
99 84
70 2
5 72
5 79
21 54
82 29
44 88
15 48
49 63
84 66
82 3
84 38
87 33
86 56
13 60
41 75
72 44
41 54
12 63
75 66
69 90
66 50
89 57
78 96
2 93
59 35
21 72
66 62
15 36
42 24
27 33
47 93
67 1
51 2
2 11
82 3
65 11
99 70
47 36
42 47
0 42
92 29
7 74
27 26
76 97
11 76
84 28
73 62
35 18
75 11
13 74
6 22
5 86
37 18
91 5
19 41
43 97
6 30
15 83
41 22
90 90
29 36
67 37
29 41
25 47
10 68
8 10
51 18
25 77
0 53
8 22
22 35
50 48
44 72
79 15
42 87
6 21
20 14
48 37
27 98
96 72
91 62
37 42
19 52
91 85
92 66
87 33
13 38
62 43
10 9
41 36
1 1
27 1
62 31
52 39
77 55
66 88
57 29
23 44
41 4
36 99
23 12
80 12
93 52
92 97
45 54
48 82
44 94
49 51
34 83
77 0
65 0
7 6
98 39
58 72
10 50
98 13
92 22
36 80
85 42
8 79
10 5
74 20
41 99
75 60
85 5
41 25
5 32
55 4
85 67
73 49
63 12
18 92
35 78
28 77
36 88
9 95
33 44
29 35
86 36
58 63
57 74
73 24
77 2
48 0
50 42
63 37
37 40
67 18
30 40
63 82
66 61
51 29
58 7
67 81
38 49
48 81
78 29
43 6
56 78
1 8
26 16
56 17
10 93
39 59
26 7
83 79
26 77
38 47
71 36
13 46
68 4
16 47
51 25
4 21
59 3
85 73
32 31
71 75
31 68
80 6
97 73
87 46
94 53
5 16
20 2
47 89
48 42
98 52
79 59
49 58
4 47
16 98
88 40
97 82
49 95
14 35
56 82
71 6
46 68
84 16
29 73
90 59
30 72
71 82
31 62
20 84
22 76
91 72
63 50
11 57
38 71
3 80
79 65
80 75
9 19
17 46
25 75
78 93
7 45
23 10
64 38
17 2
38 66
39 62
6 81
24 48
85 90
22 62
59 29
12 42
19 30
37 49
30 57
58 69
75 33
88 25
97 31
37 94
56 99
21 16
49 87
66 63
25 30
35 35
91 96
0 84
67 28
92 75
99 57
29 6
14 22
89 59
56 4
49 68
81 90
69 4
76 54
85 86
81 53
51 82
17 22
11 36
97 23
7 25
73 3
73 26
73 21
80 34
48 59
35 95
77 37
62 59
36 59
21 74
43 27
36 75
81 24
92 37
85 45
88 99
91 5
59 95
34 26
51 98
41 37
48 44
79 15
2 79
21 3
65 22
13 49
36 6
19 73
84 82
56 62
49 32
95 74
77 61
16 92
92 67
9 24
96 16
60 96
69 16
28 45
59 17
2 83
95 38
77 73
29 55
63 96
63 47
15 69
13 85
66 48
2 12
83 38
48 1
29 26
59 24
32 74
2 91
88 15
34 61
73 36
38 1
97 14
96 54
81 66
14 69
84 3
77 20
1 37
3 49
23 14
13 35
39 85
10 40
97 58
88 55
9 27
32 68
52 46
81 67
67 51
64 76
87 57
90 5
54 42
21 4
98 57
0 54
7 94
8 55
70 15
27 23
43 10
61 3
72 85
30 31
80 19
26 48
89 48
82 45
98 38
1 8
50 83
1 29
15 21
65 66
51 73
65 61
79 45
10 1
97 0
31 49
11 92
54 8
27 35
14 94
33 80
11 22
94 2
41 16
63 97
3 7
30 70
91 52
98 54
6 92
38 21
74 23
20 97
62 75
62 48
14 28
11 8
83 72
63 13
43 84
31 72
14 59
83 67
2 48
43 16
12 37
36 11
21 61
79 5
65 61
88 73
91 11
96 91
10 23
49 48
44 59
20 26
85 13
34 3
31 78
83 89
95 58
57 83
45 39
80 54
72 74
50 62
71 51
36 29
9 15
84 18
69 2
36 45
50 94
68 58
57 1
87 24
10 55
7 58
35 64
27 80
77 83
78 61
6 55
84 33
75 60
46 69
20 99
85 8
68 42
58 81
15 45
77 41
7 17
31 10
57 98
10 3
95 68
40 92
24 92
45 40
66 8
41 24
61 36
91 26
71 31
69 68
85 70
7 68
95 36
56 60
99 95
42 82
34 0
94 45
90 46
25 23
97 69
73 72
68 0
67 37
89 42
57 30
25 82
88 74
44 28
22 51
63 3
91 55
56 3
2 61
10 66
44 47
74 27
12 84
48 1
1 9
12 17
15 51
39 20
98 41
39 87
6 81
69 42
67 45
43 12
18 6
59 86
26 1
37 82
89 45
95 36
68 74
52 26
58 53
21 59
37 3
53 92
83 54
30 83
0 55
36 15
28 33
17 20
13 74
28 74
84 55
13 53
12 77
49 71
91 23
94 14
11 77
60 27
26 25
80 8
63 10
79 38
67 34
23 27
1 71
32 75
43 84
49 9
90 81
19 90
13 23
43 95
97 8
50 62
56 89
37 85
44 28
41 67
4 22
85 65
15 14
4 15
9 51
56 10
36 86
61 95
26 24
82 99
79 7
84 69
20 73
72 47
17 75
77 67
71 8
77 5
32 98
9 42
32 56
43 45
3 65
2 24
19 78
67 62
86 16
37 0
2 74
10 46
92 54
10 69
13 75
86 49
9 94
25 94
7 6
47 10
96 87
35 89
19 2
31 52
3 1
3 84
17 60
57 35
41 3
36 85
46 0
55 98
30 51
33 69
60 44
80 35
18 17
20 59
71 32
35 25
41 58
13 28
23 5
92 53
24 50
2 73
12 0
21 21
67 25
25 52
18 91
18 75
77 9
56 61
24 71
43 78
82 72
98 72
62 17
47 4
88 66
21 23
71 48
15 94
49 86
93 38
34 84
83 86
51 1
2 88
22 83
30 5
68 65
91 10
88 67
35 79
92 98
55 1
96 35
22 77
43 58
63 33
39 72
8 40
38 29
77 33
87 58
90 54
54 96
49 13
65 13
37 75
73 99
89 1
21 30
90 0
45 90
67 67
97 8
73 87
59 23
62 80
82 9
56 71
4 57
43 73
31 85
36 33
80 16
94 51
53 34
94 70
60 74
78 61
64 59
99 72
70 7
1 87
90 38
57 92
36 8
68 97
42 61
69 21
29 78
75 69
49 18
86 83
2 93
23 65
38 2
24 90
47 48
16 31
10 65
87 97
81 12
86 21
42 21
7 97
44 44
32 22
30 67
63 17
3 7
65 18
48 28
55 97
80 93
73 91
48 48
29 98
45 95
77 26
63 40
77 41
20 48
0 40
78 22
37 1
81 24
21 24
82 77
15 32
36 41
10 13
29 67
42 35
66 69
64 93
70 84
18 73
24 42
30 92
63 93
4 28
72 8
94 51
13 46
1 60
48 32
96 57
51 25
7 76
94 58
57 57
17 58
6 75
79 98
22 21
93 18
37 37
93 42
29 53
39 64
39 61
6 28
48 34
15 7
15 92
2 21
73 8
79 73
58 20
69 63
16 20
95 1
9 1
6 65
11 4
54 20
84 62
14 56
91 34
46 11
53 3
29 31
52 82
97 15
31 43
92 95
91 19
8 39
42 44
68 74
73 21
2 23
72 19
98 39
30 94
75 14
44 79
67 31
58 24
58 2
65 36
27 10
98 5
60 40
26 69
56 53
15 29
79 98
85 43
55 38
67 61
39 49
61 77
97 87
93 59
10 86
50 21
82 18
51 79
8 53
54 53
95 93
50 4
15 70
45 26
20 40
69 83
51 1
86 71
47 24
94 44
31 85
49 60
54 18
84 86
42 33
35 83
41 31
9 29
12 25
40 35
44 36
19 86
48 15
11 28
82 44
87 19
43 25
51 41
47 45
12 75
55 6
78 80
90 70
30 62
77 35
22 16
27 77
55 52
31 53
99 24
19 60
44 99
78 83
17 41
52 89
84 14
6 75
25 85
78 6
87 60
34 6
89 68
33 14
75 67
6 49
4 46
37 15
92 99
16 32
2 50
82 46
73 44
55 76
94 60
5 72
60 9
90 42
66 86
88 98
47 71
39 95
55 99
60 38
94 16
93 6
41 16
46 25
45 51
34 42
93 95
37 49
35 98
34 11
35 45
32 69
2 96
17 88
97 11
27 10
78 21
30 81
75 23
50 28
17 82
84 56
92 49
20 80
99 56
35 18
38 19
72 12
90 39
59 67
10 35
31 31
2 34
16 63
39 77
69 40
19 47
26 25
94 0
1 89
39 0
95 37
60 92
69 64
1 14
69 36
15 55
93 35
83 92
67 61
43 91
71 80
45 59
76 7
77 67
47 55
5 39
79 64
45 60
78 65
32 53
29 91
96 23
26 33
93 31
70 96
79 75
37 7
98 36
8 24
94 92
18 37
73 31
83 31
54 78
3 86
24 18
45 55
65 91
71 82
5 17
53 35
77 55
79 61
49 90
61 78
54 92
19 71
96 69
18 97
79 15
77 78
64 21
41 31
49 16
72 69
3 51
2 32
93 28
45 56
63 71
13 15
62 41
96 40
60 47
91 40
55 92
45 76
7 49
2 48
78 70
48 5
51 43
34 0
27 41
87 98
65 21
3 37
81 60
0 21
98 81
86 49
5 75
20 23
26 8
88 49
23 11
43 74
22 33
83 60
37 99
69 27
10 55
12 79
39 42
65 76
13 66
90 73
75 33
57 81
98 76
94 18
95 50
35 18
27 16
55 27
94 73
48 35
7 14
43 55
13 51
29 96
20 14
97 88
7 49
98 5
34 76
35 59
75 84
80 48
88 61
72 59
98 68
43 40
71 3
69 6
87 61
68 87
56 92
16 52
19 35
81 69
89 52
97 93
12 49
14 98
3 79
10 50
13 55
61 71
70 0
3 16
87 37
66 46
46 4
99 82
57 21
30 34
3 65
10 67
54 84
38 3
5 31
8 56
78 33
45 19
8 14
27 32
93 12
65 86
50 98
33 75
70 31
54 53
25 72
57 89
22 0
39 8
71 59
8 13
84 5
3 44
46 52
53 76
58 81
81 19
70 25
21 63
34 16
14 63
95 14
30 7
6 9
64 38
94 61
45 61
66 22
6 11
88 99
69 80
80 2
39 30
64 41
68 18
50 97
61 35
70 16
94 67
33 38
68 63
85 18
7 1
75 74
33 82
59 17
36 14
19 35
10 63
10 66
0 9
97 89
85 19
17 92
66 15
88 96
6 74
29 50
17 47
72 95
2 89
76 15
78 45
82 45
32 25
67 33
73 14
56 6
99 70
80 46
6 57
65 5
88 94
89 19
15 22
38 12
1 77
27 36
56 35
64 77
67 1
31 18
28 81
76 96
11 93
59 54
47 44
25 4
33 33
15 54
76 33
17 48
44 27
56 22
48 83
10 30
11 65
13 88
38 1
90 99
21 6
80 17
17 26
11 45
71 11
88 96
41 52
59 31
30 43
92 64
61 57
70 4
21 8
77 62
27 4
26 10
68 54
54 65
70 31
67 86
98 96
90 48
86 95
52 72
21 93
62 18
19 4
65 70
19 2
64 22
95 37
37 18
88 10
37 34
30 66
50 63
25 79
42 65
30 53
43 11
54 12
50 99
31 95
58 6
15 15
80 84
13 34
5 7
84 84
6 69
76 14
77 9
20 4
66 60
21 69
55 83
85 58
31 70
0 55
22 96
12 78
75 42
56 38
69 65
66 67
27 91
51 21
36 4
10 72
54 97
71 90
31 32
49 35
13 96
76 77
86 51
35 84
95 16
54 18
71 1
21 65
38 60
15 83
24 68
61 98
97 77
51 26
26 60
33 0
63 55
76 79
28 47
4 22
78 6
62 99
99 97
10 24
82 62
89 79
54 43
76 98
92 94
51 4
22 66
99 88
90 52
66 13
75 87
67 94
39 66
87 76
26 27
11 63
48 33
32 94
80 26
50 33
5 22
29 80
8 56
55 84
47 63
42 54
85 48
64 32
2 18
83 58
55 33
38 98
47 4
75 39
6 2
97 28
65 42
75 82
63 22
65 28
73 43
55 67
86 39
95 23
37 37
76 29
5 6
88 85
80 15
76 66
25 64
21 52
5 94
55 6
59 68
85 94
44 61
21 42
98 59
43 64
39 57
89 55
59 77
78 65
77 46
85 61
50 15
69 85
33 78
72 27
28 71
59 64
67 96
0 89
77 85
73 14
97 91
95 42
45 94
2 4
56 55
51 96
4 18
77 44
72 96
28 90
29 81
57 91
8 30
67 35
64 63
76 45
87 2
34 43
99 58
75 83
98 85
49 5
65 18
24 10
32 30
19 70
57 41
1 58
3 0
97 62
27 10
83 4
91 80
53 26
57 28
69 51
69 25
80 14
10 98
81 12
86 37
68 29
82 90
94 92
50 65
68 24
23 92
47 81
55 41
57 69
83 98
88 93
45 15
1 17
91 19
77 42
9 97
77 81
99 87
35 66
87 46
47 10
19 99
8 97
81 31
25 64
85 96
91 39
33 99
31 12
64 76
31 73
21 44
73 57
72 97
68 28
9 34
87 0
47 41
26 91
26 97
37 40
45 22
50 75
34 68
1 23
29 69
25 47
24 51
3 67
41 77
62 94
45 71
39 95
89 16
42 70
90 95
18 9
30 9
58 49
12 44
61 47
12 93
72 30
4 46
26 71
61 58
34 53
10 23
43 97
80 76
74 73
50 99
27 82
95 7
17 9
45 36
54 25
59 96
52 67
96 35
52 92
95 47
81 71
63 75
65 99
62 27
60 82
90 34
65 85
35 60
36 21
2 97
57 75
64 11
59 95
52 68
65 17
46 74
80 84
23 15
27 54
71 5
43 2
48 19
83 19
6 52
58 0
94 89
55 97
47 44
81 3
96 21
79 12
86 54
90 78
68 13
26 73
37 48
53 81
42 86
76 23
7 21
12 3
35 73
42 36
29 69
56 49
92 37
94 56
99 1
18 68
14 39
71 9
11 4
80 88
28 30
59 28
76 31
15 84
32 32
71 3
29 1
40 27
49 47
23 63
39 30
99 89
35 29
87 94
57 6
27 80
56 28
94 12
5 2
22 76
58 41
59 15
81 40
19 57
14 70
31 48
40 74
44 1
70 46
64 9
35 38
83 21
33 89
9 57
52 49
64 21
12 7
46 88
30 14
24 58
56 12
23 18
29 52
52 53
72 89
12 6
22 70
52 83
3 2
38 78
99 89
92 28
21 41
95 32
27 68
59 22
88 36
26 4
60 2
84 96
72 66
99 55
88 42
11 28
48 52
90 21
93 62
96 61
94 50
33 94
84 99
78 70
72 15
57 33
17 33
2 54
96 75
31 30
29 73
45 74
78 52
8 6
89 83
25 56
17 67
6 20
30 75
60 84
7 2
3 54
32 80
44 64
15 27
65 52
12 60
41 75
66 54
67 7
96 30
50 31
1 82
73 85
11 80
47 94
92 74
27 42
98 5
7 54
16 86
63 43
50 98
69 14
42 41
77 94
52 21
9 99
52 83
56 13
32 16
89 83
16 46
59 12
66 48
38 18
42 16
14 35
67 94
18 10
19 91
88 95
48 16
24 83
48 90
60 61
6 27
37 79
66 86
11 33
93 39
9 54
97 43
55 15
74 31
99 7
37 79
24 2
41 33
74 90
43 71
28 65
54 42
14 14
64 26
95 41
23 76
57 71
87 71
25 57
87 74
25 36
14 63
95 45
77 42
89 66
54 52
87 60
26 20
98 43
37 72
94 62
58 50
26 60
31 67
70 24
53 77
59 42
73 55
93 84
49 16
24 29
87 51
61 21
39 35
74 89
86 81
43 91
47 98
10 81
29 21
50 52
48 58
59 14
1 92
15 82
94 39
67 72
79 96
81 20
14 14
66 9
13 22
11 78
22 27
77 95
27 86
94 14
36 82
85 78
12 65
59 92
72 17
65 63
15 92
20 94
51 96
65 37
40 94
9 86
9 51
34 24
44 9
22 92
2 32
48 11
21 10
86 74
43 0
79 27
95 86
23 89
88 53
82 10
35 85
85 45
78 11
23 16
15 68
16 53
95 61
78 90
90 56
5 83
87 31
15 7
69 87
29 40
68 39
72 16
74 85
69 36
91 93
19 93
19 37
96 22
39 29
77 39
3 14
34 51
50 16
77 98
24 45
67 7
97 47
12 3
51 99
28 84
92 9
96 43
86 88
46 39
51 64
83 86
96 12
73 8
73 91
41 88
2 75
91 69
30 67
28 77
79 39
74 13
86 82
16 6
4 23
20 24
6 86
50 24
45 52
1 25
51 38
22 40
52 90
22 70
74 16
26 26
22 45
93 21
89 18
98 61
38 50
57 49
89 47
76 69
4 1
45 23
27 87
56 15
52 90
61 91
67 8
60 25
74 21
12 69
13 66
33 92
47 49
37 54
92 69
33 97
4 66
61 29
47 99
77 10
19 23
50 23
50 98
49 30
47 46
91 90
59 98
48 18
67 12
69 52
88 49
48 32
47 9
57 38
49 85
4 22
91 97
65 17
94 94
11 22
59 70
0 88
68 56
72 74
70 80
11 87
57 37
13 92
91 60
22 63
38 86
11 97
31 82
97 77
23 46
87 70
8 32
95 72
94 83
78 99
76 10
72 34
98 92
90 83
41 1
87 9
15 50
18 80
69 28
2 62
68 7
24 19
41 63
51 68
16 29
3 66
43 9
78 48
4 80
19 33
13 33
60 89
19 23
21 96
60 10
33 75
40 84
97 33
95 71
40 11
47 72
68 61
20 86
33 98
99 56
61 9
12 88
9 99
52 43
14 50
80 88
61 72
80 25
12 34
53 71
66 4
92 70
7 70
84 42
23 88
88 92
9 47
45 4
60 51
36 39
64 6
55 97
28 46
64 53
63 71
95 96
80 76
95 3
57 79
3 43
27 22
62 23
7 95
87 93
32 30
37 10
4 70
67 25
95 66
59 36
24 39
73 54
18 46
31 22
60 83
50 78
28 7
43 10
10 21
81 73
78 17
48 64
87 1
50 57
32 48
16 22
78 32
70 48
70 3
81 6
70 37
83 53
16 71
53 79
93 8
47 53
11 11
3 39
21 54
81 23
2 36
12 24
65 67
55 85
27 43
15 93
79 34
57 34
93 16
45 5
30 33
32 15
79 20
44 68
90 76
11 69
98 29
46 21
76 17
91 80
50 91
87 31
39 33
70 70
41 23
41 19
73 82
82 60
35 19
70 88
94 49
48 31
13 37
15 60
95 34
88 88
72 78
1 8
50 44
36 54
57 7
78 75
86 65
75 57
11 54
32 27
48 0
65 62
38 3
19 57
36 99
14 84
71 96
75 70
36 93
39 6
19 91
11 49
11 52
32 53
89 26
28 48
84 81
87 84
88 41
65 95
91 3
67 44
32 7
58 20
16 80
19 13
94 13
31 30
12 86
88 18
28 89
55 78
38 73
39 7
66 9
19 65
67 4
9 82
32 5
2 92
41 99
90 51
56 90
96 34
98 89
51 13
27 29
69 24
3 69
13 27
10 68
8 17
75 70
25 29
84 67
62 44
92 27
80 96
98 34
73 37
55 32
99 99
10 40
26 35
16 94
62 0
39 50
35 96
63 66
40 1
34 98
9 10
80 5
9 6
40 99
72 91
24 47
86 16
20 6
34 93
36 60
99 19
53 9
83 12
86 93
61 84
17 86
63 48
89 62
70 91
31 71
71 24
1 55
79 71
81 18
66 41
38 33
13 14
1 41
15 70
86 62
32 14
24 14
8 34
40 15
97 60
53 38
86 66
50 1
88 53
29 37
93 42
45 4
89 86
91 12
52 87
46 68
42 40
27 14
99 18
14 16
72 29
49 56
94 71
88 60
33 8
4 44
34 63
25 81
27 13
79 84
70 33
16 14
9 96
69 47
65 39
76 1
52 89
3 99
22 94
71 57
43 51
21 95
88 64
61 69
49 41
64 97
84 93
36 0
98 32
53 48
3 7
58 23
96 65
1 29
13 1
73 35
84 29
44 34
30 84
57 51
99 21
2 18
51 10
98 48
29 39
51 30
7 44
19 50
84 28
70 41
35 35
61 82
97 76
47 75
95 95
23 38
30 45
65 40
96 60
74 60
0 81
75 87
60 53
21 81
44 8
39 80
83 70
78 51
15 28
74 4
62 60
92 12
42 70
62 50
33 43
82 92
3 86
73 66
86 27
15 81
1 74
8 77
27 72
28 15
14 32
98 18
97 67
4 51
83 20
20 38
33 26
17 53
98 28
4 6
55 10
86 11
72 39
84 55
94 27
51 32
77 34
28 83
14 43
28 64
53 89
45 24
50 32
3 6
64 96
17 34
81 58
78 74
60 12
88 74
38 12
17 97
1 49
21 42
74 6
17 39
22 95
43 18
46 60
52 46
68 90
41 68
90 35
27 83
40 90
98 29
13 55
96 85
0 23
55 77
14 92
50 49
16 17
83 86
81 35
35 89
42 86
58 48
41 93
73 23
18 53
78 25
24 55
89 73
51 51
27 38
49 63
39 57
6 14
56 51
27 89
54 84
25 71
98 5
90 17
36 88
34 57
92 0
67 29
8 8
96 15
99 33
18 78
10 84
31 69
86 14
91 33
41 8
79 96
97 27
46 88
40 30
75 45
80 69
2 63
27 44
58 54
39 87
96 89
12 24
40 5
86 75
87 14
22 81
31 8
87 38
57 39
30 15
42 15
66 12
29 20
27 11
52 86
92 21
48 88
53 26
98 5
54 52
55 24
72 40
65 47
69 88
96 71
49 0
55 26
28 0
6 50
45 56
16 48
88 92
97 58
46 14
48 4
53 0
91 76
82 21
82 19
82 34
71 86
62 10
5 17
24 40
70 35
3 88
25 58
8 85
95 45
62 17
40 3
24 26
47 57
56 23
50 56
35 17
8 99
54 86
36 5
93 36
30 44
66 42
40 96
32 63
43 34
73 29
60 16
81 67
36 53
3 60
10 92
75 55
53 2
32 23
23 65
46 26
33 5
62 13
35 17
94 9
6 23
41 54
87 67
34 45
99 82
24 65
31 47
87 49
13 15
16 83
14 19
39 70
40 73
10 39
13 69
5 32
74 95
9 7
32 16
41 26
2 17
32 70
40 47
4 25
95 13
57 72
10 74
20 50
68 61
17 91
25 71
23 88
22 7
38 57
86 33
40 75
71 14
65 92
14 65
78 34
51 76
77 96
70 72
65 43
19 18
42 23
7 25
53 61
30 31
63 54
39 41
32 22
62 17
83 0
31 25
74 41
16 90
79 85
30 93
88 64
16 55
92 25
94 38
45 72
90 38
50 82
45 49
84 63
89 14
70 85
15 16
66 70
26 34
46 85
84 34
85 24
2 10
57 4
37 64
18 45
36 32
45 50
34 28
84 68
59 50
30 53
44 85
29 75
10 79
32 74
11 96
3 47
62 12
 22 91
 43 31
 86 17
 96 33
 64 75
 17 59
 35 6
 91 64
 35 95
 58 4
 76 85
 97 42
 83 14