2.0809969926470835 6.672494868815549
1.2106492490787466 -7.6412025063188125
-7.267352397482592 6.884777794724781
-5.5864900063086225 4.978852782797292
5.957436036719159 -9.367863961382032
1.9981095075511877 -7.444462735335532
-4.800844856018666 6.165082850201571
1.2588218043911803 6.069407325841305
-9.422678562361137 6.443516088788921
-5.910103905299495 4.8778035009517025
2.404503364339583 -5.1387723322449474
5.30258880635011 -11.09274693430737
2.5768820480666665 4.014502970508188
-8.561922182806985 4.772093715973177
3.428470870456192 8.204893599063166
0.42675662807674186 4.198621757062614
10.21582019510399 -7.750043137791112
2.1989563294785457 5.090647951084272
4.74813237320805 -8.960621140185525
-6.371544090244442 5.7497590908169265
-5.987127521794505 9.61254711926275
-0.10262482955262048 -7.198099595472755
5.328751842657413 -8.79827857864849
7.123063976171897 5.210440491161203
-5.986549648534116 3.271202898369574
-2.569498937553957 -4.8572872299397165
5.434995727202986 -9.934161433997852
1.4807401619561589 -14.7450957082677223
0.1077431875362756 -2.6799384805357587
-1.198770067198927 -4.30002254787562
1.7416899612616035 -4.975277706121623
5.374602191702547 -9.0067726052041
-3.725364844590992 6.4291787765439015
3.5947416033232398 6.300825674221502
4.962048353446738 -10.588418812001704
3.3182913372342324 -3.176619689046309
4.883916889403357 -8.358552643092692
-2.8158281168208226 5.689292776841654
7.518778578951448 -12.42207307125876
6.746875967787545 -10.286704795691712
-5.892176686954062 7.558079070824782
5.691829456854822 -10.537245042666644
0.2680616480055854 -4.873844752939713
5.986397947482091 6.31185686843912
-1.4751012209604282 -5.335787978599544
-1.7008767618886935 -5.083165632624273
-0.1687963317829606 3.6181841015321545
2.006762374249838 3.3932961088373483
5.201867922946599 -10.30932190709645
-5.659903020228734 5.300163614813073
7.93935739284523 -11.048900016814386
1.345949697374858 -8.570204525963412
-0.5097723516060007 -6.894180380197719
0.9765186093247868 -3.115365884456554
3.2588461481894417 4.034463147801201
-1.373906626884883 -5.292442923791536
5.6247112970054065 -6.78896825862482
3.379919926133208 4.56151867932936
4.346654232669517 -8.168640972958762
2.047307183851329 4.27831381433725
6.850330898374598 -7.7484227098531395
1.861505643227324 6.539628031523466
-4.519800042541771 5.142760244625011
2.2130714109760623 2.716975261904653
0.38479938083205295 -5.794196164033202
-9.308630977052703 6.080488793165907
0.5135699306078108 4.7299376993751957
4.686686975775153 4.38722563599235
2.0977058712243464 2.2574565045602375
0.22129273704939845 4.5324913779732485
1.2473658248713884 4.454358693663886
-4.731418076147683 0.8573969746731711
5.6613641873881955 -13.399874789060771
-5.245290718624255 4.058380522230085
0.842510839117287 -5.579902853409115
5.06873744851296 1.8934048308325848
-2.039292459000382 -4.321160916122402
-6.508907164425548 2.688958632670893
-2.3128393701656087 1.243341248681236
0.6234587644349405 5.296875976657354
-0.749177695783021 6.200672275769337
7.080410110659449 -13.49398525281498
1.9302885020557745 -10.295211116166644
4.462226587663961 -9.405785787632938
6.2924652452421155 -7.178886265187546
5.439429157596544 5.668543881474602
4.60839488130677 -4.886731743007459
7.481615910400207 3.4973641737548924
5.352817318440614 5.034697072658576
-3.662109196838232 4.719123468882415
0.3560122143900619 -5.49601726540717
8.395486869008083 -11.744570784382521
-2.4031774873788407 4.098519560696568
0.4257749737422245 -5.005709773610376
-5.113971603359911 2.7709031763783383
-0.8328053926916325 -2.819708520872997
-8.006198952874554 6.03567967530233
0.8468707243911922 -7.068753478005723
3.6943935213212336 5.804672933160255
-0.3580103353029907 -7.801691618198768
3.153208441672831 -9.314687255914698
-0.9726599198755672 -4.805114272048314
5.264168497701027 -10.643553174810947
-3.6091774046471747 7.227180177389622
3.3376645975885415 7.246023996936048
-1.40229098370642 -4.4081792357017155
-3.499360141460934 8.005290197213846
-4.123320225432147 3.946257805829733
-0.29500693925120247 -6.084558706607975
6.055920422958387 -4.649658899942764
7.683983171554674 -10.980581073755399
7.673795372153766 -6.239716586196314
-7.920162254793194 5.103425240532978
3.2213102600457217 6.8410556068360115
3.7698208311171575 6.18247575123342
7.110862342100231 -9.177799418157013
4.557965516405789 -0.9831158913500317
-1.156871096340478 -3.7944095767577117
8.043359027061875 5.042783755616762
1.4311551403308693 -8.900870071706873
-7.8056646789950115 7.526717387374301
-5.288131602695278 -9.194934454345784
7.641829334900219 -9.095873059515991
-5.215537880681834 5.786235112568631
4.701414499023638 -9.828772395135747
5.21906333871613 1.7389361551406464
6.556718204648174 -9.87980152826601
0.7750784330287037 -6.2495899222567814
5.109262399227603 4.863036204607055
-0.6018637692674993 -7.229583688177067
3.958553193336021 -4.815026351389776
-9.309915940825842 5.700210421071145
1.9433358798478042 -5.447612354784807
2.939239692267624 7.381565398712046
4.71799691299378 5.309698184811701
-2.9144575191774296 -8.72176781505928
-9.068894063507578 4.133177180424521
-4.449372156133968 4.224332761097284
3.580594335637027 -8.645458144645884
-4.970292780273272 5.21881832109665
5.137679339280992 -10.385237716783427
-1.1796950820530832 -6.224409358241951
5.007301435333742 3.832124024196703
4.891778487987782 -10.683579041022927
-5.644198257116467 4.700053335890605
-8.09995913059251 2.49521912390154
6.0651257075173675 -8.663155209468533
2.140594393364001 -4.790188955371761
1.7949122260854793 5.2582859869011
4.994833080673875 -7.606816097813092
3.4962815243013927 -7.528412856846562
5.294717169912517 -13.848385229775179
3.547546145809817 -10.563635446581273
1.7140419041126234 -10.03050841101797
-8.446049687996032 5.630292527722661
0.9779940484725149 -5.1274046602197085
5.1453753508991396 9.906727814895188
3.162193739055488 4.621480005481101
1.7552683090828 -5.482021695831451
-4.270007497822434 2.4369691747568916
3.7747483293158157 -4.944856305023025
5.883673125584239 -8.694685787151274
0.29794875140867305 -3.845042120588564
-7.285980721363152 4.484241841124836
0.41201412424682626 1.0934782887273804
1.891000327912701 7.486425114191379
2.4097698910084877 -8.343759686794744
1.5267379754063286 2.3351825589893247
-1.936924589181138 -4.327985901765325
-4.065297059297024 -4.42298566318052
4.567216854875883 2.9314562662174466
-4.525498989351163 3.7518157990366716
-1.917241959399739 2.584219027845201
1.3930394900685126 5.603738693890248
-6.571746434867462 4.868028648809092
-5.653597026427081 6.081515021001668
-5.0301997505806 6.819148959362653
9.396582048186382 -6.095332716133368
-1.744904784027566 -6.232623261882404
6.643736190704285 7.870408852108681
-1.6745949496095207 -8.677170611078743
-3.8792813492161056 4.284932472786637
-1.5135094314890065 -3.2929168170669163
6.226832841839616 -10.260225686983032
-7.821116549064881 3.64523874999651
-0.6789220888488892 3.003569981456722
-2.042996877540209 -6.019134338985979
3.81723058079501 -10.010356290232993
4.873223446552165 6.104782703544473
1.4709563040191052 -13.071705604609784